inputs: 10000
queries: 100
setup: 0.059638
preproc: 0.013759
compute: 0.005679