inputs: 10000
queries: 1000
setup: 0.387259
preproc: 0.465661
compute: 2.769667