inputs: 1000
queries: 10
setup: 0.385035
preproc: 0.380343
compute: 0.396542