inputs: 1000
queries: 10
setup: 0.396803
preproc: 1.010034
compute: 0.012855