inputs: 1000
queries: 10
setup: 0.383416
preproc: 2.195739
compute: 0.036785