inputs: 1000
queries: 10
setup: 0.399752
preproc: 0.003981
compute: 0.348946