inputs: 1000
queries: 10
setup: 0.399247
preproc: 0.403743
compute: 0.420316