inputs: 1000
queries: 10
setup: 0.372355
preproc: 0.801333
compute: 0.002955