inputs: 1000
queries: 10
setup: 9.982920
preproc: 0.323781
compute: 0.130807