inputs: 10000
queries: 1000
setup: 0.413657
preproc: 1.010480
compute: 0.017643