inputs: 5000
queries: 50
setup: 0.384660
preproc: 0.415941
compute: 0.477184