inputs: 10000
queries: 100
setup: 0.451825
preproc: 1.181434
compute: 0.005900