inputs: 10000
queries: 100
setup: 0.062950
preproc: 0.013304
compute: 0.005507