inputs: 1000
queries: 10
setup: 0.396678
preproc: 0.003007
compute: 0.415771