inputs: 10000
queries: 1000
setup: 0.348402
preproc: 1.529551
compute: 0.161716