inputs: 10000
queries: 100
setup: 0.386794
preproc: 0.461966
compute: 0.627969