inputs: 10000
queries: 100
setup: 0.409979
preproc: 1.010089
compute: 0.013590