inputs: 5000
queries: 50
setup: 0.063483
preproc: 0.008091
compute: 0.003721