inputs: 1000
queries: 10
setup: 2.116775
preproc: 1.086275
compute: 0.037055