inputs: 1000
queries: 10
setup: 0.350277
preproc: 1.205718
compute: 0.369235