inputs: 1000
queries: 10
setup: 9.505546
preproc: 0.320716
compute: 0.128704