inputs: 1000
queries: 10
setup: 0.434610
preproc: 0.003196
compute: 0.362899