inputs: 1000
queries: 10
setup: 0.382236
preproc: 2.145604
compute: 0.387760