inputs: 10000
queries: 100
setup: 0.389876
preproc: 0.439249
compute: 0.128384