inputs: 1000
queries: 10
setup: 0.378040
preproc: 0.003618
compute: 0.345077