inputs: 10000
queries: 100
setup: 0.063458
preproc: 0.017880
compute: 0.005728