inputs: 10000
queries: 100
setup: 0.387585
preproc: 2.723786
compute: 0.409369