inputs: 10000
queries: 100
setup: 0.407173
preproc: 2.815462
compute: 0.457430