inputs: 1000
queries: 10
setup: 0.383553
preproc: 0.378762
compute: 0.387223