inputs: 10000
queries: 1000
setup: 0.392840
preproc: 2.840703
compute: 0.522296