inputs: 5000
queries: 50
setup: 0.351716
preproc: 0.822810
compute: 0.002922