inputs: 1000
queries: 10
setup: 0.350039
preproc: 0.372718
compute: 0.360743