inputs: 10000
queries: 1000
setup: 0.426831
preproc: 2.772347
compute: 0.444960