inputs: 1000
queries: 10
setup: 0.343898
preproc: 0.307117
compute: 0.312206