inputs: 5000
queries: 50
setup: 0.404392
preproc: 1.010578
compute: 0.013577