inputs: 1000
queries: 10
setup: 0.394313
preproc: 2.179090
compute: 0.036963