inputs: 1000
queries: 10
setup: 0.407401
preproc: 0.003883
compute: 0.341148