inputs: 10000
queries: 1000
setup: 0.383426
preproc: 2.766261
compute: 0.478580