inputs: 5000
queries: 50
setup: 0.386156
preproc: 0.002939
compute: 0.524202