inputs: 10000
queries: 1000
setup: 0.390761
preproc: 2.796152
compute: 0.495901