inputs: 1000
queries: 10
setup: 0.381381
preproc: 0.318554
compute: 0.326886