inputs: 10000
queries: 1000
setup: 0.414878
preproc: 0.986708
compute: 0.008365