inputs: 1000
queries: 10
setup: 0.350178
preproc: 1.839647
compute: 0.032818