inputs: 10000
queries: 1000
setup: 0.400726
preproc: 22.981330
compute: 0.911641