inputs: 1000
queries: 10
setup: 0.387662
preproc: 0.385830
compute: 0.393545