inputs: 10000
queries: 1000
setup: 0.345229
preproc: 0.469842
compute: 0.604144