inputs: 1000
queries: 10
setup: 0.391547
preproc: 0.378461
compute: 0.124257