inputs: 1000
queries: 10
setup: 0.386812
preproc: 0.004822
compute: 0.355019