inputs: 1000
queries: 10
setup: 0.396315
preproc: 0.871767
compute: 0.003643