inputs: 1000
queries: 10
setup: 0.350656
preproc: 0.363970
compute: 0.328809