inputs: 5000
queries: 50
setup: 0.384819
preproc: 0.002992
compute: 0.527176