inputs: 10000
queries: 1000
setup: 0.386622
preproc: 0.472268
compute: 2.772316