inputs: 1000
queries: 10
setup: 0.391794
preproc: 0.383301
compute: 0.342765