inputs: 1000
queries: 10
setup: 0.396312
preproc: 0.873901
compute: 0.003628