inputs: 1000
queries: 10
setup: 0.384393
preproc: 0.381448
compute: 0.393893