inputs: 1000
queries: 10
setup: 0.388441
preproc: 2.221004
compute: 0.394203