inputs: 1000
queries: 10
setup: 0.400657
preproc: 1.010408
compute: 0.012327