inputs: 1000
queries: 10
setup: 0.391420
preproc: 0.002739
compute: 0.345841