inputs: 10000
queries: 100
setup: 0.399096
preproc: 0.454953
compute: 0.351693