inputs: 1000
queries: 10
setup: 0.343907
preproc: 0.361319
compute: 0.367329