inputs: 5000
queries: 50
setup: 0.387093
preproc: 2.376379
compute: 0.396776