inputs: 10000
queries: 100
setup: 0.439972
preproc: 2.016833
compute: 0.016855