inputs: 1000
queries: 10
setup: 0.393149
preproc: 0.330750
compute: 0.329506