inputs: 1000
queries: 10
setup: 0.389905
preproc: 0.377028
compute: 0.343406