inputs: 1000
queries: 10
setup: 0.419714
preproc: 1.116684
compute: 0.038559