inputs: 10000
queries: 1000
setup: 0.060463
preproc: 0.013517
compute: 0.013373