inputs: 10000
queries: 100
setup: 0.397160
preproc: 23.053547
compute: 0.477731