inputs: 1000
queries: 10
setup: 0.352600
preproc: 0.369004
compute: 0.327597