inputs: 5000
queries: 50
setup: 0.384521
preproc: 0.416373
compute: 0.475597