inputs: 10000
queries: 1000
setup: 0.384393
preproc: 2.688191
compute: 0.489814