inputs: 10000
queries: 100
setup: 0.387553
preproc: 2.662090
compute: 0.401843