inputs: 10000
queries: 1000
setup: 0.437604
preproc: 0.512463
compute: 2.913418