inputs: 1000
queries: 10
setup: 0.385195
preproc: 2.159135
compute: 0.398866