inputs: 1000
queries: 10
setup: 0.392763
preproc: 1.185731
compute: 0.390182