inputs: 10000
queries: 1000
setup: 0.398203
preproc: 0.445987
compute: 0.351254