inputs: 10000
queries: 1000
setup: 0.416402
preproc: 2.781732
compute: 0.522356