inputs: 1000
queries: 10
setup: 0.397344
preproc: 2.175757
compute: 0.037457