inputs: 5000
queries: 50
setup: 0.339781
preproc: 2.061830
compute: 0.198988