inputs: 10000
queries: 100
setup: 0.410815
preproc: 0.543462
compute: 0.442269