inputs: 1000
queries: 10
setup: 0.389000
preproc: 0.381506
compute: 0.126430