inputs: 1000
queries: 10
setup: 0.431866
preproc: 0.919270
compute: 0.003839