inputs: 1000
queries: 10
setup: 0.391519
preproc: 0.383292
compute: 0.340248