inputs: 1000
queries: 10
setup: 0.424835
preproc: 0.471276
compute: 0.427615