inputs: 1000
queries: 10
setup: 0.390763
preproc: 0.390159
compute: 0.382884