inputs: 10000
queries: 100
setup: 0.386205
preproc: 1.676111
compute: 0.149540