inputs: 1000
queries: 10
setup: 0.393524
preproc: 0.865539
compute: 0.003512