inputs: 5000
queries: 50
setup: 0.421827
preproc: 1.382604
compute: 0.227404