inputs: 5000
queries: 50
setup: 0.390754
preproc: 0.425614
compute: 0.483788