inputs: 1000
queries: 10
setup: 0.400430
preproc: 0.397455
compute: 0.352632