inputs: 1000
queries: 10
setup: 0.388253
preproc: 2.131755
compute: 0.395213