inputs: 10000
queries: 1000
setup: 0.355184
preproc: 2.397762
compute: 0.402857