inputs: 10000
queries: 1000
setup: 0.389585
preproc: 0.448604
compute: 0.350466