inputs: 1000
queries: 10
setup: 0.384676
preproc: 1.232150
compute: 0.399565