inputs: 10000
queries: 100
setup: 0.396037
preproc: 1.010360
compute: 0.013268