inputs: 5000
queries: 50
setup: 0.390222
preproc: 2.402643
compute: 0.425546