inputs: 10000
queries: 100
setup: 0.387980
preproc: 23.122902
compute: 0.453731