inputs: 1000
queries: 10
setup: 0.387600
preproc: 2.199200
compute: 0.036312