inputs: 1000
queries: 10
setup: 0.411265
preproc: 1.084583
compute: 0.004166