inputs: 1000
queries: 10
setup: 0.410318
preproc: 1.156775
compute: 0.406940