inputs: 10000
queries: 1000
setup: 0.391692
preproc: 0.439475
compute: 0.133646