inputs: 5000
queries: 50
setup: 0.381034
preproc: 2.440557
compute: 0.396312