inputs: 10000
queries: 100
setup: 0.386828
preproc: 0.467377
compute: 0.633427