inputs: 1000
queries: 10
setup: 9.349174
preproc: 0.313829
compute: 0.123918