inputs: 1000
queries: 10
setup: 0.390296
preproc: 2.144104
compute: 0.399860