inputs: 10000
queries: 1000
setup: 0.380637
preproc: 0.505701
compute: 0.677649