inputs: 1000
queries: 10
setup: 15.997102
preproc: 0.003846
compute: 0.002301