inputs: 1000
queries: 10
setup: 12.184723
preproc: 0.004106
compute: 0.002731