inputs: 1000
queries: 10
setup: 0.385043
preproc: 0.325325
compute: 0.313531