inputs: 10000
queries: 1000
setup: 0.388398
preproc: 0.441940
compute: 0.346615