inputs: 10000
queries: 1000
setup: 0.393268
preproc: 22.566814
compute: 0.898707