inputs: 10000
queries: 100
setup: 0.353616
preproc: 2.345832
compute: 0.379418