inputs: 1000
queries: 10
setup: 2.456242
preproc: 0.920338
compute: 0.031389