inputs: 1000
queries: 10
setup: 0.396693
preproc: 1.063193
compute: 0.036658