inputs: 1000
queries: 10
setup: 0.350921
preproc: 0.310746
compute: 0.297072