inputs: 1000
queries: 10
setup: 0.400892
preproc: 1.182441
compute: 0.386073