inputs: 1000
queries: 10
setup: 0.353509
preproc: 0.797643
compute: 0.002913