inputs: 1000
queries: 10
setup: 0.397078
preproc: 0.867924
compute: 0.003746