inputs: 1000
queries: 10
setup: 0.404661
preproc: 2.217502
compute: 0.412950