inputs: 10000
queries: 1000
setup: 0.349978
preproc: 0.002796
compute: 3.119102