inputs: 5000
queries: 50
setup: 0.384310
preproc: 0.002828
compute: 0.528063