inputs: 10000
queries: 100
setup: 0.385205
preproc: 0.459058
compute: 0.621042