inputs: 1000
queries: 10
setup: 0.388035
preproc: 1.140475
compute: 0.386876