inputs: 10000
queries: 1000
setup: 0.412858
preproc: 2.746489
compute: 0.510715