inputs: 5000
queries: 50
setup: 0.383405
preproc: 2.365487
compute: 0.218605