inputs: 1000
queries: 10
setup: 0.385636
preproc: 0.379919
compute: 0.393362