inputs: 10000
queries: 1000
setup: 0.386805
preproc: 2.655666
compute: 0.431735