inputs: 10000
queries: 100
setup: 0.383552
preproc: 0.464593
compute: 0.629048