inputs: 1000
queries: 10
setup: 0.423102
preproc: 0.919529
compute: 0.003697