inputs: 1000
queries: 10
setup: 0.384175
preproc: 2.136963
compute: 0.387795