inputs: 1000
queries: 10
setup: 0.387898
preproc: 0.002904
compute: 0.334763