inputs: 1000
queries: 10
setup: 0.381978
preproc: 2.135191
compute: 0.385713