inputs: 10000
queries: 1000
setup: 0.411184
preproc: 0.504648
compute: 2.837734