inputs: 1000
queries: 10
setup: 0.383391
preproc: 0.318093
compute: 0.319938