inputs: 10000
queries: 100
setup: 0.385655
preproc: 0.501030
compute: 0.418659