inputs: 1000
queries: 10
setup: 0.374916
preproc: 0.312647
compute: 0.319160