inputs: 5000
queries: 50
setup: 0.403609
preproc: 1.382648
compute: 0.221884