inputs: 10000
queries: 1000
setup: 0.390637
preproc: 2.654823
compute: 0.418418