inputs: 10000
queries: 1000
setup: 0.382212
preproc: 22.611247
compute: 0.886599