inputs: 10000
queries: 100
setup: 0.382625
preproc: 0.505625
compute: 0.417425