inputs: 1000
queries: 10
setup: 0.351303
preproc: 0.375353
compute: 0.364560