inputs: 1000
queries: 10
setup: 0.349680
preproc: 0.368836
compute: 0.373887