inputs: 1000
queries: 10
setup: 0.419914
preproc: 0.427133
compute: 0.409565