inputs: 5000
queries: 50
setup: 0.350321
preproc: 1.172778
compute: 0.206280