inputs: 1000
queries: 10
setup: 0.352592
preproc: 0.374030
compute: 0.377863