inputs: 10000
queries: 100
setup: 0.388198
preproc: 0.503296
compute: 0.414882