inputs: 1000
queries: 10
setup: 0.385317
preproc: 0.002761
compute: 0.335835