inputs: 1000
queries: 10
setup: 0.403495
preproc: 0.908712
compute: 0.003666