inputs: 1000
queries: 10
setup: 0.388375
preproc: 0.388521
compute: 0.403657