inputs: 10000
queries: 100
setup: 0.361235
preproc: 0.430304
compute: 0.124948