inputs: 1000
queries: 10
setup: 0.380577
preproc: 0.319386
compute: 0.323033