inputs: 10000
queries: 1000
setup: 0.350857
preproc: 0.493771
compute: 0.624598