inputs: 10000
queries: 1000
setup: 0.379733
preproc: 2.621998
compute: 0.414476