inputs: 1000
queries: 10
setup: 0.414196
preproc: 1.012006
compute: 0.013653