inputs: 1000
queries: 10
setup: 0.341182
preproc: 0.002208
compute: 0.373900