inputs: 10000
queries: 1000
setup: 0.386537
preproc: 0.003007
compute: 3.547146