inputs: 1000
queries: 10
setup: 0.431527
preproc: 0.919228
compute: 0.004338