inputs: 1000
queries: 10
setup: 0.390492
preproc: 0.388003
compute: 0.346188