inputs: 1000
queries: 10
setup: 0.390867
preproc: 2.168296
compute: 0.036765