inputs: 10000
queries: 100
setup: 0.400210
preproc: 0.451968
compute: 0.133120