inputs: 5000
queries: 50
setup: 0.389313
preproc: 0.002995
compute: 0.535617