inputs: 10000
queries: 100
setup: 0.062179
preproc: 0.014135
compute: 0.006290