inputs: 10000
queries: 1000
setup: 0.398939
preproc: 0.495015
compute: 2.799417