inputs: 5000
queries: 50
setup: 0.388851
preproc: 1.340639
compute: 0.220684