inputs: 1000
queries: 10
setup: 0.377995
preproc: 0.315664
compute: 0.316479