inputs: 1000
queries: 10
setup: 3.883643
preproc: 2.078359
compute: 0.012741