inputs: 10000
queries: 1000
setup: 0.399780
preproc: 0.956515
compute: 0.008037