inputs: 1000
queries: 10
setup: 0.393199
preproc: 1.228422
compute: 0.394543