inputs: 10000
queries: 1000
setup: 0.385722
preproc: 1.670182
compute: 0.168366