inputs: 10000
queries: 1000
setup: 0.390057
preproc: 2.685747
compute: 0.422779