inputs: 5000
queries: 50
setup: 0.059441
preproc: 0.008254
compute: 0.003751