inputs: 10000
queries: 1000
setup: 0.412581
preproc: 0.487426
compute: 2.847647