inputs: 10000
queries: 1000
setup: 0.397520
preproc: 1.010887
compute: 0.016700