inputs: 10000
queries: 1000
setup: 0.467809
preproc: 2.016876
compute: 0.019640