inputs: 5000
queries: 50
setup: 0.397167
preproc: 2.458269
compute: 0.222228