inputs: 1000
queries: 10
setup: 0.341848
preproc: 1.766292
compute: 0.360948