inputs: 1000
queries: 10
setup: 0.383986
preproc: 2.168525
compute: 0.383855