inputs: 10000
queries: 100
setup: 0.402473
preproc: 1.717038
compute: 0.151655