inputs: 1000
queries: 10
setup: 0.390179
preproc: 0.002787
compute: 0.405483