inputs: 1000
queries: 10
setup: 0.387572
preproc: 0.379270
compute: 0.337681