inputs: 5000
queries: 50
setup: 0.390447
preproc: 0.403121
compute: 0.335876