inputs: 10000
queries: 100
setup: 0.059249
preproc: 0.013202
compute: 0.005402