inputs: 1000
queries: 10
setup: 0.398845
preproc: 1.149152
compute: 0.410012