inputs: 1000
queries: 10
setup: 0.386560
preproc: 0.383738
compute: 0.342054