inputs: 1000
queries: 10
setup: 0.399790
preproc: 0.002764
compute: 0.334165