inputs: 5000
queries: 50
setup: 0.391311
preproc: 0.412448
compute: 0.128293