inputs: 10000
queries: 100
setup: 0.383341
preproc: 0.496743
compute: 0.415975