inputs: 10000
queries: 1000
setup: 0.394739
preproc: 1.729017
compute: 0.172507