inputs: 1000
queries: 10
setup: 0.398633
preproc: 0.878640
compute: 0.003715