inputs: 10000
queries: 100
setup: 0.408635
preproc: 0.491898
compute: 0.656190