inputs: 1000
queries: 10
setup: 0.387899
preproc: 0.318990
compute: 0.318753