inputs: 1000
queries: 10
setup: 0.387081
preproc: 0.389952
compute: 0.375497