inputs: 1000
queries: 10
setup: 0.381507
preproc: 0.378671
compute: 0.384926