inputs: 1000
queries: 10
setup: 0.388606
preproc: 0.374586
compute: 0.125329