inputs: 10000
queries: 100
setup: 0.389203
preproc: 0.474483
compute: 0.639627