inputs: 5000
queries: 50
setup: 0.384389
preproc: 0.432962
compute: 0.400078