inputs: 1000
queries: 10
setup: 0.385018
preproc: 0.323736
compute: 0.331280