inputs: 1000
queries: 10
setup: 0.386968
preproc: 2.161946
compute: 0.036028