inputs: 1000
queries: 10
setup: 0.390146
preproc: 2.174652
compute: 0.036168