inputs: 5000
queries: 50
setup: 0.391692
preproc: 0.411285
compute: 0.130524