inputs: 10000
queries: 100
setup: 0.391323
preproc: 0.445632
compute: 0.355586