inputs: 10000
queries: 100
setup: 0.395916
preproc: 0.479981
compute: 0.633222