inputs: 10000
queries: 1000
setup: 0.342674
preproc: 2.395452
compute: 0.437956