inputs: 1000
queries: 10
setup: 0.407634
preproc: 0.411244
compute: 0.414408