inputs: 10000
queries: 100
setup: 0.358134
preproc: 0.875779
compute: 0.002988