inputs: 1000
queries: 10
setup: 0.420057
preproc: 0.411060
compute: 0.364101