inputs: 10000
queries: 1000
setup: 0.389941
preproc: 2.783813
compute: 0.492516