inputs: 1000
queries: 10
setup: 0.400804
preproc: 2.168076
compute: 0.037364