inputs: 10000
queries: 100
setup: 0.389676
preproc: 0.470041
compute: 0.631418