inputs: 10000
queries: 1000
setup: 0.400877
preproc: 0.450987
compute: 0.136652