inputs: 10000
queries: 100
setup: 0.385376
preproc: 2.656276
compute: 0.395570