inputs: 1000
queries: 10
setup: 0.397942
preproc: 1.114477
compute: 0.036942