inputs: 1000
queries: 10
setup: 0.352940
preproc: 1.854451
compute: 0.376975