inputs: 10000
queries: 100
setup: 0.401423
preproc: 1.010488
compute: 0.013801