inputs: 5000
queries: 50
setup: 0.391488
preproc: 8.134114
compute: 0.435955