inputs: 1000
queries: 10
setup: 2.216535
preproc: 1.047898
compute: 0.035931