inputs: 1000
queries: 10
setup: 0.419017
preproc: 0.403999
compute: 0.427421