inputs: 10000
queries: 1000
setup: 0.086704
preproc: 0.015758
compute: 0.016331