inputs: 1000
queries: 10
setup: 0.393066
preproc: 2.171027
compute: 0.402680