inputs: 10000
queries: 100
setup: 0.388755
preproc: 0.439681
compute: 0.348996