inputs: 1000
queries: 10
setup: 0.396322
preproc: 0.339319
compute: 0.344454