inputs: 1000
queries: 10
setup: 0.414991
preproc: 2.014864
compute: 0.014776