inputs: 1000
queries: 10
setup: 0.389033
preproc: 2.147083
compute: 0.395368