inputs: 1000
queries: 10
setup: 0.354876
preproc: 0.365154
compute: 0.122562