inputs: 1000
queries: 10
setup: 0.411031
preproc: 0.891150
compute: 0.003630