inputs: 1000
queries: 10
setup: 0.383539
preproc: 0.321858
compute: 0.326809