inputs: 1000
queries: 10
setup: 0.392268
preproc: 0.002884
compute: 0.413292