inputs: 5000
queries: 50
setup: 0.398511
preproc: 2.464327
compute: 0.222231