inputs: 1000
queries: 10
setup: 0.355141
preproc: 0.374147
compute: 0.327081