inputs: 10000
queries: 100
setup: 0.383435
preproc: 0.495166
compute: 0.410813