inputs: 10000
queries: 100
setup: 0.397978
preproc: 0.485851
compute: 0.640538