inputs: 1000
queries: 10
setup: 0.400051
preproc: 0.875638
compute: 0.003687