inputs: 1000
queries: 10
setup: 0.059675
preproc: 0.003879
compute: 0.002725