inputs: 10000
queries: 100
setup: 0.397282
preproc: 2.802040
compute: 0.417073