inputs: 10000
queries: 1000
setup: 0.404055
preproc: 0.963612
compute: 0.007255