inputs: 1000
queries: 10
setup: 10.238049
preproc: 0.003890
compute: 0.002826