inputs: 1000
queries: 10
setup: 0.390043
preproc: 2.089210
compute: 0.391485