inputs: 1000
queries: 10
setup: 0.395150
preproc: 1.130317
compute: 0.393880