inputs: 1000
queries: 10
setup: 0.383695
preproc: 1.168314
compute: 0.378942