inputs: 1000
queries: 10
setup: 0.402632
preproc: 0.384337
compute: 0.391232