inputs: 1000
queries: 10
setup: 0.382111
preproc: 1.175872
compute: 0.377414