inputs: 10000
queries: 100
setup: 0.383160
preproc: 2.691413
compute: 0.404398