inputs: 1000
queries: 10
setup: 0.386040
preproc: 1.158701
compute: 0.380864