inputs: 10000
queries: 100
setup: 0.051946
preproc: 0.014609
compute: 0.004824