inputs: 1000
queries: 10
setup: 0.392813
preproc: 0.325800
compute: 0.328543