inputs: 1000
queries: 10
setup: 0.400865
preproc: 0.398903
compute: 0.427480