inputs: 1000
queries: 10
setup: 0.389269
preproc: 0.382968
compute: 0.341436