inputs: 5000
queries: 50
setup: 0.416191
preproc: 0.489225
compute: 0.433020