inputs: 10000
queries: 1000
setup: 0.386189
preproc: 0.509795
compute: 0.673132