inputs: 10000
queries: 100
setup: 0.394643
preproc: 0.439841
compute: 0.130066