inputs: 10000
queries: 1000
setup: 0.063368
preproc: 0.013382
compute: 0.013450