inputs: 1000
queries: 10
setup: 17.901832
preproc: 0.298416
compute: 0.119430