inputs: 1000
queries: 10
setup: 0.395861
preproc: 0.003063
compute: 0.410336