inputs: 10000
queries: 1000
setup: 0.397095
preproc: 23.064969
compute: 0.900703