inputs: 10000
queries: 100
setup: 0.391347
preproc: 1.686992
compute: 0.151830