inputs: 1000
queries: 10
setup: 0.384217
preproc: 0.384628
compute: 0.394209