inputs: 1000
queries: 10
setup: 0.362920
preproc: 1.008257
compute: 0.011599