inputs: 10000
queries: 1000
setup: 0.396549
preproc: 0.003112
compute: 3.589620