inputs: 1000
queries: 10
setup: 0.421350
preproc: 0.411591
compute: 0.424013