inputs: 1000
queries: 10
setup: 0.411296
preproc: 0.003091
compute: 0.451554