inputs: 1000
queries: 10
setup: 14.394861
preproc: 0.004378
compute: 0.003169