inputs: 1000
queries: 10
setup: 0.409667
preproc: 1.010614
compute: 0.013174