inputs: 10000
queries: 1000
setup: 0.395220
preproc: 0.468689
compute: 2.783184