inputs: 5000
queries: 50
setup: 0.389560
preproc: 0.414300
compute: 0.474021