inputs: 1000
queries: 10
setup: 3.576987
preproc: 2.056091
compute: 0.012422