inputs: 1000
queries: 10
setup: 0.406705
preproc: 0.399087
compute: 0.345181