inputs: 1000
queries: 10
setup: 0.393382
preproc: 2.150768
compute: 0.035913