inputs: 10000
queries: 1000
setup: 0.398267
preproc: 1.010431
compute: 0.016965