inputs: 5000
queries: 50
setup: 0.059865
preproc: 0.008571
compute: 0.003792