inputs: 10000
queries: 100
setup: 0.399035
preproc: 0.003247
compute: 0.773453