inputs: 1000
queries: 10
setup: 0.416976
preproc: 0.423162
compute: 0.419302