inputs: 1000
queries: 10
setup: 0.391984
preproc: 0.384865
compute: 0.345891