inputs: 1000
queries: 10
setup: 0.083711
preproc: 0.004242
compute: 0.003016