inputs: 10000
queries: 100
setup: 0.381876
preproc: 0.003055
compute: 0.746671