inputs: 10000
queries: 100
setup: 0.403867
preproc: 1.010374
compute: 0.013516