inputs: 10000
queries: 1000
setup: 0.383883
preproc: 0.459819
compute: 2.786088