inputs: 10000
queries: 100
setup: 0.404168
preproc: 0.524494
compute: 0.420333