inputs: 1000
queries: 10
setup: 0.389921
preproc: 0.315303
compute: 0.307448