inputs: 1000
queries: 10
setup: 0.353058
preproc: 1.279026
compute: 0.366384