inputs: 10000
queries: 1000
setup: 0.396864
preproc: 0.945174
compute: 0.007431