inputs: 1000
queries: 10
setup: 0.411562
preproc: 0.890793
compute: 0.003641