inputs: 5000
queries: 50
setup: 0.400126
preproc: 0.916600
compute: 0.003734