inputs: 1000
queries: 10
setup: 0.386037
preproc: 2.158036
compute: 0.036456