inputs: 10000
queries: 1000
setup: 0.393564
preproc: 2.724376
compute: 0.501127