inputs: 1000
queries: 10
setup: 0.411455
preproc: 1.219900
compute: 0.399757