inputs: 5000
queries: 50
setup: 0.399951
preproc: 0.416660
compute: 0.132460