inputs: 1000
queries: 10
setup: 0.409889
preproc: 1.098778
compute: 0.038531