inputs: 1000
queries: 10
setup: 0.387240
preproc: 2.089974
compute: 0.385403