inputs: 10000
queries: 100
setup: 0.350152
preproc: 0.437398
compute: 0.580340