inputs: 1000
queries: 10
setup: 0.446057
preproc: 1.116089
compute: 0.005548