inputs: 1000
queries: 10
setup: 10.259489
preproc: 0.321308
compute: 0.126494