inputs: 1000
queries: 10
setup: 0.392666
preproc: 0.386305
compute: 0.400927