inputs: 1000
queries: 10
setup: 0.391713
preproc: 2.137849
compute: 0.036221