inputs: 10000
queries: 100
setup: 0.059420
preproc: 0.013683
compute: 0.005424