inputs: 1000
queries: 10
setup: 0.384000
preproc: 0.002787
compute: 0.341782