inputs: 1000
queries: 10
setup: 0.389363
preproc: 2.183565
compute: 0.398141