inputs: 1000
queries: 10
setup: 0.382661
preproc: 1.176988
compute: 0.375596