inputs: 10000
queries: 1000
setup: 0.383618
preproc: 0.002790
compute: 3.528348