inputs: 10000
queries: 100
setup: 0.392048
preproc: 2.698577
compute: 0.423314