inputs: 10000
queries: 100
setup: 0.383773
preproc: 2.742851
compute: 0.403902