inputs: 10000
queries: 100
setup: 0.390019
preproc: 0.441177
compute: 0.344584