inputs: 10000
queries: 1000
setup: 0.393255
preproc: 0.003117
compute: 3.562793