inputs: 1000
queries: 10
setup: 0.827639
preproc: 0.003595
compute: 0.330664