inputs: 1000
queries: 10
setup: 3.495269
preproc: 2.058535
compute: 0.012553