inputs: 5000
queries: 50
setup: 0.349814
preproc: 0.382613
compute: 0.121355