inputs: 10000
queries: 1000
setup: 0.424481
preproc: 0.537647
compute: 0.710362