inputs: 10000
queries: 100
setup: 0.433791
preproc: 2.904695
compute: 0.442997