inputs: 10000
queries: 1000
setup: 0.349696
preproc: 2.349018
compute: 0.386947