inputs: 1000
queries: 10
setup: 0.397390
preproc: 0.333915
compute: 0.322092