inputs: 1000
queries: 10
setup: 0.386220
preproc: 1.057343
compute: 0.036325