inputs: 1000
queries: 10
setup: 0.383247
preproc: 0.384254
compute: 0.379852