inputs: 1000
queries: 10
setup: 0.396080
preproc: 0.383003
compute: 0.344563