inputs: 1000
queries: 10
setup: 0.405433
preproc: 0.879310
compute: 0.003669