inputs: 5000
queries: 50
setup: 0.397421
preproc: 7.728876
compute: 0.409081