inputs: 10000
queries: 100
setup: 0.389243
preproc: 0.003006
compute: 0.755500