inputs: 5000
queries: 50
setup: 0.412108
preproc: 0.436965
compute: 0.498176