inputs: 10000
queries: 100
setup: 0.341585
preproc: 2.417150
compute: 0.381340