inputs: 1000
queries: 10
setup: 0.409895
preproc: 0.395252
compute: 0.139834