inputs: 1000
queries: 10
setup: 0.352822
preproc: 0.362199
compute: 0.323381