inputs: 10000
queries: 100
setup: 0.384025
preproc: 1.678700
compute: 0.149621