inputs: 1000
queries: 10
setup: 0.393384
preproc: 0.382964
compute: 0.346804