inputs: 5000
queries: 50
setup: 0.415572
preproc: 2.512839
compute: 0.225225