inputs: 1000
queries: 10
setup: 0.341450
preproc: 0.296637
compute: 0.288771