inputs: 10000
queries: 100
setup: 0.400782
preproc: 0.463324
compute: 0.351091