inputs: 10000
queries: 100
setup: 0.384696
preproc: 2.728177
compute: 0.409746