inputs: 1000
queries: 10
setup: 0.401964
preproc: 0.875000
compute: 0.003666