inputs: 1000
queries: 10
setup: 0.395907
preproc: 0.398360
compute: 0.352930