inputs: 10000
queries: 100
setup: 0.409883
preproc: 0.498400
compute: 0.664448