inputs: 10000
queries: 100
setup: 0.391681
preproc: 0.441917
compute: 0.347465