inputs: 1000
queries: 10
setup: 7.717764
preproc: 0.003895
compute: 0.002680