inputs: 1000
queries: 10
setup: 0.382962
preproc: 0.329692
compute: 0.331119