inputs: 1000
queries: 10
setup: 0.386032
preproc: 2.206885
compute: 0.391762