inputs: 10000
queries: 100
setup: 0.397019
preproc: 0.937822
compute: 0.003620