inputs: 1000
queries: 10
setup: 13.778663
preproc: 0.003977
compute: 0.002732