inputs: 10000
queries: 100
setup: 0.400419
preproc: 2.669421
compute: 0.414776