inputs: 10000
queries: 1000
setup: 0.385773
preproc: 0.462233
compute: 2.791154