inputs: 10000
queries: 1000
setup: 0.399117
preproc: 1.010467
compute: 0.016680