inputs: 10000
queries: 1000
setup: 0.411952
preproc: 0.003095
compute: 3.556959