inputs: 10000
queries: 100
setup: 0.408965
preproc: 2.778878
compute: 0.442742