inputs: 1000
queries: 10
setup: 0.392224
preproc: 2.154461
compute: 0.395499