inputs: 1000
queries: 10
setup: 0.380393
preproc: 0.317144
compute: 0.325163