inputs: 1000
queries: 10
setup: 0.406865
preproc: 0.402472
compute: 0.391742