inputs: 1000
queries: 10
setup: 0.357408
preproc: 0.002274
compute: 0.312066