inputs: 1000
queries: 10
setup: 0.390276
preproc: 2.151620
compute: 0.036435