inputs: 1000
queries: 10
setup: 0.394726
preproc: 2.114208
compute: 0.402006