inputs: 10000
queries: 1000
setup: 0.386273
preproc: 0.436766
compute: 0.130929