inputs: 1000
queries: 10
setup: 0.383734
preproc: 0.002784
compute: 0.395617