inputs: 1000
queries: 10
setup: 0.391720
preproc: 2.145835
compute: 0.037503