inputs: 10000
queries: 1000
setup: 0.385277
preproc: 0.510471
compute: 0.682401