inputs: 10000
queries: 1000
setup: 0.404982
preproc: 0.455692
compute: 0.141540