inputs: 1000
queries: 10
setup: 0.389746
preproc: 0.383454
compute: 0.341546