inputs: 10000
queries: 100
setup: 0.396964
preproc: 0.933864
compute: 0.003643