inputs: 5000
queries: 50
setup: 0.059628
preproc: 0.008496
compute: 0.003700