inputs: 10000
queries: 1000
setup: 0.388452
preproc: 2.737308
compute: 0.425101