inputs: 1000
queries: 10
setup: 0.383778
preproc: 0.002788
compute: 0.400635