inputs: 1000
queries: 10
setup: 16.177728
preproc: 0.003934
compute: 0.002744