inputs: 10000
queries: 100
setup: 0.060510
preproc: 0.013118
compute: 0.005435