inputs: 1000
queries: 10
setup: 3.459344
preproc: 2.172921
compute: 0.012465