inputs: 1000
queries: 10
setup: 3.284377
preproc: 1.062693
compute: 0.035658