inputs: 1000
queries: 10
setup: 0.378935
preproc: 0.003325
compute: 0.338431