inputs: 1000
queries: 10
setup: 0.384724
preproc: 2.186185
compute: 0.397972