inputs: 5000
queries: 50
setup: 0.421020
preproc: 1.111238
compute: 0.004305