inputs: 1000
queries: 10
setup: 0.392814
preproc: 1.087137
compute: 0.037198