inputs: 1000
queries: 10
setup: 0.378156
preproc: 0.385686
compute: 0.377053