inputs: 5000
queries: 50
setup: 0.380455
preproc: 7.632546
compute: 0.399594