inputs: 10000
queries: 100
setup: 0.387704
preproc: 0.496185
compute: 0.410671