inputs: 10000
queries: 1000
setup: 0.385495
preproc: 0.467558
compute: 2.758801