inputs: 10000
queries: 100
setup: 0.398421
preproc: 1.010301
compute: 0.012975