inputs: 1000
queries: 10
setup: 0.401341
preproc: 1.010334
compute: 0.012865