inputs: 1000
queries: 10
setup: 0.058413
preproc: 0.003613
compute: 0.002269