inputs: 5000
queries: 50
setup: 0.424743
preproc: 0.958870
compute: 0.003615