inputs: 10000
queries: 100
setup: 0.402268
preproc: 0.481167
compute: 0.655345