inputs: 1000
queries: 10
setup: 15.980802
preproc: 0.003801
compute: 0.002757