inputs: 1000
queries: 10
setup: 0.380462
preproc: 0.385504
compute: 0.380798