inputs: 1000
queries: 10
setup: 0.391009
preproc: 1.063089
compute: 0.036014