inputs: 10000
queries: 1000
setup: 0.074614
preproc: 0.013887
compute: 0.013572