inputs: 10000
queries: 1000
setup: 0.347625
preproc: 0.439794
compute: 2.504087