inputs: 1000
queries: 10
setup: 0.385545
preproc: 1.175263
compute: 0.379874