inputs: 5000
queries: 50
setup: 0.392291
preproc: 0.428963
compute: 0.482813