inputs: 10000
queries: 1000
setup: 0.400657
preproc: 0.482985
compute: 2.804953