inputs: 10000
queries: 1000
setup: 0.398825
preproc: 0.441613
compute: 0.356585