inputs: 1000
queries: 10
setup: 9.428752
preproc: 0.325676
compute: 0.130585