inputs: 1000
queries: 10
setup: 0.382199
preproc: 0.313947
compute: 0.319084