inputs: 5000
queries: 50
setup: 0.392747
preproc: 0.408549
compute: 0.128794