inputs: 5000
queries: 50
setup: 0.387270
preproc: 2.413800
compute: 0.220562