inputs: 1000
queries: 10
setup: 0.383533
preproc: 0.326687
compute: 0.327596