inputs: 10000
queries: 1000
setup: 0.391098
preproc: 23.768994
compute: 0.886027