inputs: 10000
queries: 100
setup: 0.386381
preproc: 0.459013
compute: 0.624664