inputs: 10000
queries: 100
setup: 0.406262
preproc: 0.470062
compute: 0.144009