inputs: 10000
queries: 100
setup: 0.385066
preproc: 2.734531
compute: 0.398354