inputs: 10000
queries: 1000
setup: 0.395264
preproc: 0.451764
compute: 0.355739