inputs: 10000
queries: 1000
setup: 0.387964
preproc: 2.752959
compute: 0.476958