inputs: 1000
queries: 10
setup: 0.349694
preproc: 0.002264
compute: 0.384148