inputs: 10000
queries: 1000
setup: 0.391219
preproc: 2.757928
compute: 0.509193