inputs: 10000
queries: 100
setup: 0.384945
preproc: 2.784168
compute: 0.404017