inputs: 10000
queries: 1000
setup: 0.386164
preproc: 2.792193
compute: 0.478020