inputs: 10000
queries: 1000
setup: 0.402299
preproc: 2.013228
compute: 0.017334