inputs: 10000
queries: 100
setup: 0.064034
preproc: 0.013321
compute: 0.005542