inputs: 1000
queries: 10
setup: 0.403616
preproc: 0.887191
compute: 0.003663