inputs: 1000
queries: 10
setup: 0.396900
preproc: 2.106979
compute: 0.395398