inputs: 10000
queries: 1000
setup: 0.346318
preproc: 0.415618
compute: 0.124310