inputs: 1000
queries: 10
setup: 0.386748
preproc: 2.176533
compute: 0.036779