inputs: 10000
queries: 1000
setup: 0.420905
preproc: 0.503034
compute: 3.000756