inputs: 1000
queries: 10
setup: 0.340937
preproc: 1.830843
compute: 0.368963