inputs: 10000
queries: 100
setup: 0.388068
preproc: 0.002968
compute: 0.754098