inputs: 10000
queries: 100
setup: 0.409914
preproc: 0.969452
compute: 0.004007