inputs: 10000
queries: 100
setup: 0.387515
preproc: 2.746924
compute: 0.404299