inputs: 1000
queries: 10
setup: 0.360480
preproc: 0.807825
compute: 0.003055