inputs: 1000
queries: 10
setup: 0.378412
preproc: 0.322313
compute: 0.324422