inputs: 1000
queries: 10
setup: 0.383748
preproc: 0.322348
compute: 0.306232