inputs: 1000
queries: 10
setup: 0.412897
preproc: 1.085138
compute: 0.004551