inputs: 10000
queries: 100
setup: 0.383596
preproc: 22.534604
compute: 0.436225