inputs: 1000
queries: 10
setup: 0.401670
preproc: 0.874014
compute: 0.003575