inputs: 1000
queries: 10
setup: 0.059202
preproc: 0.003909
compute: 0.002795