inputs: 1000
queries: 10
setup: 0.399643
preproc: 0.398052
compute: 0.419988