inputs: 1000
queries: 10
setup: 0.385127
preproc: 0.379756
compute: 0.338455