inputs: 10000
queries: 100
setup: 0.387651
preproc: 2.745303
compute: 0.413156