inputs: 10000
queries: 1000
setup: 0.394229
preproc: 0.499721
compute: 0.668433