inputs: 10000
queries: 100
setup: 0.380498
preproc: 1.669063
compute: 0.149097