inputs: 1000
queries: 10
setup: 0.386559
preproc: 0.002899
compute: 0.414367