inputs: 10000
queries: 100
setup: 0.059448
preproc: 0.013518
compute: 0.005409