inputs: 1000
queries: 10
setup: 0.382743
preproc: 1.173832
compute: 0.374278