inputs: 10000
queries: 100
setup: 0.401483
preproc: 1.010663
compute: 0.013454