inputs: 1000
queries: 10
setup: 0.397610
preproc: 2.155139
compute: 0.036190