inputs: 1000
queries: 10
setup: 0.383448
preproc: 2.174208
compute: 0.393719