inputs: 1000
queries: 10
setup: 0.383269
preproc: 1.182712
compute: 0.374423