inputs: 10000
queries: 1000
setup: 0.381346
preproc: 0.499843
compute: 0.685615