inputs: 1000
queries: 10
setup: 0.391876
preproc: 0.335031
compute: 0.356209