inputs: 1000
queries: 10
setup: 0.438411
preproc: 0.003504
compute: 0.388853