inputs: 10000
queries: 100
setup: 0.387842
preproc: 1.720570
compute: 0.151516