inputs: 1000
queries: 10
setup: 0.382087
preproc: 1.183316
compute: 0.381976