inputs: 10000
queries: 1000
setup: 0.382330
preproc: 0.002906
compute: 3.582669