inputs: 1000
queries: 10
setup: 0.382231
preproc: 1.054738
compute: 0.036081