inputs: 1000
queries: 10
setup: 0.440311
preproc: 0.962393
compute: 0.004293