inputs: 1000
queries: 10
setup: 0.395422
preproc: 0.387835
compute: 0.346744