inputs: 1000
queries: 10
setup: 0.393220
preproc: 1.194841
compute: 0.394064