inputs: 10000
queries: 1000
setup: 0.398067
preproc: 0.455880
compute: 0.137942