inputs: 5000
queries: 50
setup: 0.397177
preproc: 2.393883
compute: 0.406642