inputs: 10000
queries: 100
setup: 0.393839
preproc: 22.551660
compute: 0.442667