inputs: 1000
queries: 10
setup: 0.393566
preproc: 0.002813
compute: 0.415952