inputs: 1000
queries: 10
setup: 0.382080
preproc: 2.190193
compute: 0.388911