inputs: 5000
queries: 50
setup: 0.387454
preproc: 0.423374
compute: 0.491514