inputs: 1000
queries: 10
setup: 0.351312
preproc: 1.831165
compute: 0.359473