inputs: 5000
queries: 50
setup: 0.399356
preproc: 0.896021
compute: 0.003776