inputs: 10000
queries: 1000
setup: 0.383244
preproc: 1.682769
compute: 0.172682