inputs: 10000
queries: 1000
setup: 0.396719
preproc: 0.003391
compute: 3.195240