inputs: 10000
queries: 100
setup: 0.397085
preproc: 0.479574
compute: 0.656899