inputs: 5000
queries: 50
setup: 0.387530
preproc: 2.394085
compute: 0.397648