inputs: 1000
queries: 10
setup: 0.391791
preproc: 0.003784
compute: 0.344578