inputs: 1000
queries: 10
setup: 0.387816
preproc: 1.057727
compute: 0.036050