inputs: 1000
queries: 10
setup: 0.398697
preproc: 1.010174
compute: 0.012466