inputs: 5000
queries: 50
setup: 0.409761
preproc: 0.003114
compute: 0.566005