inputs: 10000
queries: 1000
setup: 0.397326
preproc: 2.780777
compute: 0.503380