inputs: 1000
queries: 10
setup: 0.337764
preproc: 1.121082
compute: 0.350553