inputs: 5000
queries: 50
setup: 0.394818
preproc: 2.401058
compute: 0.417345