inputs: 1000
queries: 10
setup: 0.395969
preproc: 0.331428
compute: 0.330530