inputs: 10000
queries: 100
setup: 0.381939
preproc: 2.760336
compute: 0.425150