inputs: 1000
queries: 10
setup: 0.343589
preproc: 0.002254
compute: 0.304174