inputs: 1000
queries: 10
setup: 0.380170
preproc: 0.313334
compute: 0.305733