inputs: 1000
queries: 10
setup: 10.440533
preproc: 0.312781
compute: 0.137446