inputs: 5000
queries: 50
setup: 0.385339
preproc: 0.419848
compute: 0.479925