inputs: 1000
queries: 10
setup: 0.398175
preproc: 2.172316
compute: 0.412649