inputs: 10000
queries: 100
setup: 0.368468
preproc: 1.008153
compute: 0.011719