inputs: 1000
queries: 10
setup: 0.390085
preproc: 0.385848
compute: 0.125268