inputs: 1000
queries: 10
setup: 0.385002
preproc: 0.002754
compute: 0.400696