inputs: 5000
queries: 50
setup: 0.384080
preproc: 7.395918
compute: 0.403763