inputs: 10000
queries: 100
setup: 0.382625
preproc: 0.002981
compute: 0.747951