inputs: 1000
queries: 10
setup: 0.391198
preproc: 0.003366
compute: 0.356140