inputs: 1000
queries: 10
setup: 0.387748
preproc: 2.136304
compute: 0.395351