inputs: 1000
queries: 10
setup: 0.378643
preproc: 0.311716
compute: 0.317310