inputs: 1000
queries: 10
setup: 0.386414
preproc: 2.156069
compute: 0.386966