inputs: 10000
queries: 1000
setup: 0.420542
preproc: 0.477276
compute: 0.140023