inputs: 1000
queries: 10
setup: 0.390006
preproc: 2.130396
compute: 0.394310