inputs: 1000
queries: 10
setup: 9.088342
preproc: 0.322845
compute: 0.125945