inputs: 1000
queries: 10
setup: 0.390067
preproc: 0.324431
compute: 0.311587