inputs: 1000
queries: 10
setup: 2.444327
preproc: 1.105741
compute: 0.038317