inputs: 10000
queries: 100
setup: 0.408982
preproc: 0.963510
compute: 0.003827