inputs: 1000
queries: 10
setup: 0.394747
preproc: 2.145769
compute: 0.402033