inputs: 1000
queries: 10
setup: 0.407043
preproc: 0.002954
compute: 0.365476