inputs: 1000
queries: 10
setup: 0.413166
preproc: 0.905240
compute: 0.003800