inputs: 10000
queries: 100
setup: 0.392811
preproc: 0.451185
compute: 0.346257