inputs: 5000
queries: 50
setup: 0.387999
preproc: 0.409925
compute: 0.127588