inputs: 5000
queries: 50
setup: 0.383110
preproc: 2.359724
compute: 0.215444