inputs: 1000
queries: 10
setup: 0.383875
preproc: 0.002794
compute: 0.404295