inputs: 10000
queries: 1000
setup: 0.404101
preproc: 2.732823
compute: 0.496794