inputs: 1000
queries: 10
setup: 0.385584
preproc: 0.388542
compute: 0.396698