inputs: 5000
queries: 50
setup: 0.395273
preproc: 0.416998
compute: 0.129616