inputs: 1000
queries: 10
setup: 4.111662
preproc: 2.076986
compute: 0.012923