inputs: 10000
queries: 100
setup: 0.383309
preproc: 0.502402
compute: 0.421211