inputs: 1000
queries: 10
setup: 4.022094
preproc: 2.109848
compute: 0.012293