inputs: 1000
queries: 10
setup: 0.049914
preproc: 0.004267
compute: 0.002316