inputs: 1000
queries: 10
setup: 0.402108
preproc: 0.339751
compute: 0.353556