inputs: 10000
queries: 1000
setup: 0.357169
preproc: 2.428831
compute: 0.468664