inputs: 10000
queries: 1000
setup: 0.396645
preproc: 2.710276
compute: 0.447390