inputs: 10000
queries: 1000
setup: 0.384026
preproc: 0.462307
compute: 2.780951