inputs: 10000
queries: 1000
setup: 0.361006
preproc: 1.007741
compute: 0.015611