inputs: 1000
queries: 10
setup: 0.408157
preproc: 0.407082
compute: 0.419352