inputs: 1000
queries: 10
setup: 0.391484
preproc: 2.155611
compute: 0.424258