inputs: 1000
queries: 10
setup: 0.391742
preproc: 1.061815
compute: 0.036976