inputs: 1000
queries: 10
setup: 0.395358
preproc: 1.053775
compute: 0.036392