inputs: 1000
queries: 10
setup: 0.383160
preproc: 1.253420
compute: 0.375494