inputs: 1000
queries: 10
setup: 0.379414
preproc: 0.003839
compute: 0.359725