inputs: 1000
queries: 10
setup: 0.347716
preproc: 1.814460
compute: 0.031546