inputs: 1000
queries: 10
setup: 0.353342
preproc: 0.929562
compute: 0.031713