inputs: 1000
queries: 10
setup: 0.373140
preproc: 0.308546
compute: 0.320074