inputs: 1000
queries: 10
setup: 0.511784
preproc: 0.003815
compute: 0.328626