inputs: 5000
queries: 50
setup: 0.422225
preproc: 0.946502
compute: 0.004225