inputs: 10000
queries: 1000
setup: 0.386149
preproc: 0.437708
compute: 0.345621