inputs: 1000
queries: 10
setup: 11.725779
preproc: 0.003767
compute: 0.002753