inputs: 10000
queries: 1000
setup: 0.402471
preproc: 0.945707
compute: 0.007201