inputs: 1000
queries: 10
setup: 0.350662
preproc: 0.370587
compute: 0.374657