inputs: 10000
queries: 1000
setup: 0.394025
preproc: 0.003196
compute: 3.596219