inputs: 10000
queries: 1000
setup: 0.396942
preproc: 0.443616
compute: 0.132255