inputs: 1000
queries: 10
setup: 0.382999
preproc: 1.044719
compute: 0.035752