inputs: 1000
queries: 10
setup: 36.002192
preproc: 0.003813
compute: 0.002709