inputs: 1000
queries: 10
setup: 0.385118
preproc: 0.381099
compute: 0.390644