inputs: 5000
queries: 50
setup: 0.428100
preproc: 2.510012
compute: 0.436582