inputs: 1000
queries: 10
setup: 0.385797
preproc: 2.134796
compute: 0.036508