inputs: 10000
queries: 1000
setup: 0.405046
preproc: 0.003028
compute: 3.638275