inputs: 5000
queries: 50
setup: 0.399224
preproc: 0.916391
compute: 0.003764