inputs: 1000
queries: 10
setup: 0.379254
preproc: 0.320826
compute: 0.324805