inputs: 1000
queries: 10
setup: 3.398913
preproc: 2.082699
compute: 0.012957