inputs: 1000
queries: 10
setup: 0.387896
preproc: 0.378799
compute: 0.336182