inputs: 5000
queries: 50
setup: 0.354310
preproc: 2.040849
compute: 0.377618