inputs: 1000
queries: 10
setup: 0.387959
preproc: 1.144685
compute: 0.377354