inputs: 1000
queries: 10
setup: 2.512080
preproc: 1.075109
compute: 0.036705