inputs: 1000
queries: 10
setup: 0.401612
preproc: 0.394484
compute: 0.354795