inputs: 1000
queries: 10
setup: 0.367649
preproc: 0.817738
compute: 0.003011