inputs: 5000
queries: 50
setup: 0.393630
preproc: 1.335119
compute: 0.221943