inputs: 5000
queries: 50
setup: 0.398774
preproc: 0.914377
compute: 0.003707