inputs: 5000
queries: 50
setup: 0.395052
preproc: 2.420839
compute: 0.220699