inputs: 5000
queries: 50
setup: 0.063781
preproc: 0.008122
compute: 0.003687