inputs: 1000
queries: 10
setup: 18.664595
preproc: 0.003739
compute: 0.002665