inputs: 1000
queries: 10
setup: 0.404091
preproc: 0.392169
compute: 0.345818