inputs: 5000
queries: 50
setup: 0.343889
preproc: 2.056695
compute: 0.370726