inputs: 1000
queries: 10
setup: 0.377768
preproc: 0.310391
compute: 0.319705