inputs: 1000
queries: 10
setup: 0.404295
preproc: 0.412952
compute: 0.394155