inputs: 1000
queries: 10
setup: 0.399014
preproc: 0.416129
compute: 0.398405