inputs: 5000
queries: 50
setup: 0.396822
preproc: 8.081985
compute: 0.403603