inputs: 10000
queries: 1000
setup: 0.394591
preproc: 2.824134
compute: 0.495254