inputs: 1000
queries: 10
setup: 0.363839
preproc: 0.807540
compute: 0.003065