inputs: 5000
queries: 50
setup: 0.349991
preproc: 2.066656
compute: 0.385635