inputs: 10000
queries: 100
setup: 0.383634
preproc: 2.629120
compute: 0.395197