inputs: 1000
queries: 10
setup: 0.388999
preproc: 2.168160
compute: 0.396115