inputs: 10000
queries: 1000
setup: 0.061776
preproc: 0.013618
compute: 0.013621