inputs: 1000
queries: 10
setup: 0.384103
preproc: 0.320794
compute: 0.349623