inputs: 1000
queries: 10
setup: 0.417397
preproc: 0.354088
compute: 0.345648