inputs: 10000
queries: 1000
setup: 0.383085
preproc: 2.610696
compute: 0.413242