inputs: 10000
queries: 1000
setup: 0.392814
preproc: 2.697417
compute: 0.427114