inputs: 1000
queries: 10
setup: 0.363623
preproc: 1.841324
compute: 0.032682