inputs: 10000
queries: 100
setup: 0.385607
preproc: 0.466016
compute: 0.633264