inputs: 1000
queries: 10
setup: 0.348000
preproc: 0.002626
compute: 0.313650