inputs: 10000
queries: 1000
setup: 0.414752
preproc: 2.015277
compute: 0.017293