inputs: 10000
queries: 100
setup: 0.425979
preproc: 0.988862
compute: 0.003846