inputs: 1000
queries: 10
setup: 9.300464
preproc: 0.341600
compute: 0.130103