inputs: 1000
queries: 10
setup: 9.354803
preproc: 0.312313
compute: 0.128010