inputs: 1000
queries: 10
setup: 0.400576
preproc: 1.093768
compute: 0.036927