inputs: 10000
queries: 1000
setup: 0.059239
preproc: 0.013573
compute: 0.013270