inputs: 10000
queries: 1000
setup: 0.409003
preproc: 1.010399
compute: 0.017090