inputs: 1000
queries: 10
setup: 0.403235
preproc: 2.136878
compute: 0.037357