inputs: 10000
queries: 100
setup: 0.387391
preproc: 1.672073
compute: 0.149053