inputs: 1000
queries: 10
setup: 0.388535
preproc: 2.195901
compute: 0.390135