inputs: 10000
queries: 100
setup: 0.413774
preproc: 0.478766
compute: 0.658468