inputs: 5000
queries: 50
setup: 0.385128
preproc: 0.407790
compute: 0.340120