inputs: 1000
queries: 10
setup: 0.414295
preproc: 0.441447
compute: 0.372238