inputs: 1000
queries: 10
setup: 0.386117
preproc: 2.103590
compute: 0.387265