inputs: 10000
queries: 100
setup: 0.403046
preproc: 1.838328
compute: 0.163823