inputs: 5000
queries: 50
setup: 0.391034
preproc: 0.408676
compute: 0.125190