inputs: 10000
queries: 100
setup: 0.393737
preproc: 0.477012
compute: 0.638079