inputs: 10000
queries: 100
setup: 0.394820
preproc: 0.002971
compute: 0.783262