inputs: 1000
queries: 10
setup: 3.409121
preproc: 2.236634
compute: 0.012451