inputs: 10000
queries: 100
setup: 0.359152
preproc: 0.425778
compute: 0.332367