inputs: 5000
queries: 50
setup: 0.403990
preproc: 1.010523
compute: 0.013225