inputs: 10000
queries: 1000
setup: 0.402392
preproc: 0.960414
compute: 0.007737