inputs: 5000
queries: 50
setup: 0.392801
preproc: 0.003011
compute: 0.532576