inputs: 1000
queries: 10
setup: 0.351125
preproc: 1.839654
compute: 0.032085