inputs: 1000
queries: 10
setup: 0.392087
preproc: 0.403041
compute: 0.404431