inputs: 1000
queries: 10
setup: 7.243304
preproc: 0.003562
compute: 0.002297