inputs: 1000
queries: 10
setup: 0.400288
preproc: 0.893807
compute: 0.003779