inputs: 1000
queries: 10
setup: 0.425396
preproc: 2.190503
compute: 0.428985