inputs: 10000
queries: 100
setup: 0.397689
preproc: 2.774539
compute: 0.426420