inputs: 1000
queries: 10
setup: 0.390838
preproc: 0.002985
compute: 0.338825