inputs: 1000
queries: 10
setup: 0.379936
preproc: 0.313814
compute: 0.321097