inputs: 1000
queries: 10
setup: 0.401758
preproc: 0.396523
compute: 0.360832