inputs: 1000
queries: 10
setup: 15.552159
preproc: 0.003999
compute: 0.002808