inputs: 1000
queries: 10
setup: 3.410803
preproc: 2.145652
compute: 0.012357