inputs: 1000
queries: 10
setup: 0.399134
preproc: 2.203867
compute: 0.410806