inputs: 10000
queries: 100
setup: 0.396030
preproc: 0.944218
compute: 0.004009