inputs: 10000
queries: 100
setup: 0.400838
preproc: 0.949712
compute: 0.003538