inputs: 1000
queries: 10
setup: 0.394075
preproc: 0.003088
compute: 0.340822