inputs: 5000
queries: 50
setup: 0.391133
preproc: 0.415383
compute: 0.350521