inputs: 10000
queries: 1000
setup: 0.383222
preproc: 0.501702
compute: 0.665752