inputs: 1000
queries: 10
setup: 0.455533
preproc: 1.142755
compute: 0.005888