inputs: 10000
queries: 100
setup: 0.389508
preproc: 0.443681
compute: 0.347047