inputs: 10000
queries: 100
setup: 0.423329
preproc: 2.013839
compute: 0.015072