inputs: 10000
queries: 1000
setup: 0.387307
preproc: 0.467260
compute: 2.808436