inputs: 1000
queries: 10
setup: 0.060770
preproc: 0.003860
compute: 0.002767