inputs: 1000
queries: 10
setup: 0.384291
preproc: 2.128742
compute: 0.036137