inputs: 1000
queries: 10
setup: 0.382277
preproc: 1.232865
compute: 0.380650