inputs: 1000
queries: 10
setup: 0.061404
preproc: 0.004091
compute: 0.002887