inputs: 1000
queries: 10
setup: 13.178816
preproc: 0.003755
compute: 0.002351