inputs: 10000
queries: 100
setup: 0.356342
preproc: 1.007839
compute: 0.011648