inputs: 10000
queries: 1000
setup: 0.392103
preproc: 2.802366
compute: 0.498125