inputs: 10000
queries: 1000
setup: 0.358884
preproc: 0.877379
compute: 0.007209