inputs: 5000
queries: 50
setup: 0.060048
preproc: 0.008627
compute: 0.003832