inputs: 5000
queries: 50
setup: 0.396212
preproc: 2.390651
compute: 0.401902