inputs: 10000
queries: 1000
setup: 0.406086
preproc: 1.010520
compute: 0.017202