inputs: 10000
queries: 1000
setup: 0.413842
preproc: 2.799242
compute: 0.451283