inputs: 1000
queries: 10
setup: 2.077743
preproc: 1.060409
compute: 0.035920