inputs: 1000
queries: 10
setup: 2.104236
preproc: 1.053630
compute: 0.035957