inputs: 1000
queries: 10
setup: 0.419267
preproc: 0.406137
compute: 0.129864