inputs: 1000
queries: 10
setup: 0.347889
preproc: 1.851904
compute: 0.381198