inputs: 10000
queries: 100
setup: 0.353119
preproc: 1.531469
compute: 0.145138