inputs: 1000
queries: 10
setup: 0.403120
preproc: 0.881821
compute: 0.003672