inputs: 1000
queries: 10
setup: 0.388960
preproc: 0.311939
compute: 0.315069