inputs: 1000
queries: 10
setup: 0.394354
preproc: 1.194160
compute: 0.374728