inputs: 10000
queries: 1000
setup: 0.062099
preproc: 0.013714
compute: 0.013562