inputs: 1000
queries: 10
setup: 0.059211
preproc: 0.003885
compute: 0.002712