inputs: 10000
queries: 1000
setup: 0.385939
preproc: 0.462211
compute: 2.774872