inputs: 1000
queries: 10
setup: 8.295666
preproc: 0.004535
compute: 0.003432