inputs: 1000
queries: 10
setup: 0.373041
preproc: 0.003782
compute: 0.330505