inputs: 1000
queries: 10
setup: 0.403769
preproc: 0.337467
compute: 0.326992