inputs: 5000
queries: 50
setup: 0.400872
preproc: 2.396911
compute: 0.220146