inputs: 1000
queries: 10
setup: 0.389064
preproc: 0.383202
compute: 0.344278