inputs: 5000
queries: 50
setup: 0.386866
preproc: 0.422545
compute: 0.474705