inputs: 1000
queries: 10
setup: 0.426871
preproc: 1.010133
compute: 0.013970