inputs: 10000
queries: 1000
setup: 0.405073
preproc: 2.822873
compute: 0.498964