inputs: 10000
queries: 100
setup: 0.348068
preproc: 2.406579
compute: 0.377720