inputs: 1000
queries: 10
setup: 0.405373
preproc: 1.181050
compute: 0.395590