inputs: 1000
queries: 10
setup: 16.418716
preproc: 0.004066
compute: 0.002688