inputs: 1000
queries: 10
setup: 0.852519
preproc: 0.004377
compute: 0.355001