inputs: 1000
queries: 10
setup: 0.414286
preproc: 2.216416
compute: 0.039217