inputs: 1000
queries: 10
setup: 0.383533
preproc: 1.163240
compute: 0.379099