inputs: 10000
queries: 100
setup: 0.346140
preproc: 2.329113
compute: 0.371514