inputs: 1000
queries: 10
setup: 0.400243
preproc: 0.415201
compute: 0.366772