inputs: 1000
queries: 10
setup: 0.387882
preproc: 0.389761
compute: 0.393595