inputs: 5000
queries: 50
setup: 0.063930
preproc: 0.008240
compute: 0.004364