inputs: 10000
queries: 100
setup: 0.059586
preproc: 0.013701
compute: 0.005631