inputs: 10000
queries: 1000
setup: 0.423896
preproc: 1.010703
compute: 0.018074