inputs: 1000
queries: 10
setup: 0.404676
preproc: 1.010254
compute: 0.013382