inputs: 10000
queries: 100
setup: 0.421995
preproc: 2.790028
compute: 0.444391