inputs: 1000
queries: 10
setup: 0.389060
preproc: 0.316786
compute: 0.315290