inputs: 5000
queries: 50
setup: 0.401380
preproc: 1.010552
compute: 0.013251