inputs: 1000
queries: 10
setup: 0.391643
preproc: 2.230438
compute: 0.036210