inputs: 1000
queries: 10
setup: 0.351950
preproc: 1.809502
compute: 0.369574