inputs: 10000
queries: 100
setup: 0.384503
preproc: 0.459369
compute: 0.628262