inputs: 5000
queries: 50
setup: 0.060254
preproc: 0.009238
compute: 0.003971