inputs: 1000
queries: 10
setup: 7.946402
preproc: 0.306750
compute: 0.122218