inputs: 1000
queries: 10
setup: 0.401585
preproc: 0.886782
compute: 0.003686