inputs: 1000
queries: 10
setup: 0.383331
preproc: 0.322365
compute: 0.318871