inputs: 1000
queries: 10
setup: 0.390191
preproc: 0.380395
compute: 0.403870