inputs: 10000
queries: 100
setup: 0.386270
preproc: 0.459354
compute: 0.623826