inputs: 1000
queries: 10
setup: 0.363025
preproc: 1.007559
compute: 0.028313