inputs: 1000
queries: 10
setup: 0.398939
preproc: 0.335256
compute: 0.338423