inputs: 10000
queries: 1000
setup: 0.383955
preproc: 1.686347
compute: 0.169175