inputs: 1000
queries: 10
setup: 3.412426
preproc: 2.079117
compute: 0.013138