inputs: 1000
queries: 10
setup: 0.402030
preproc: 2.175752
compute: 0.412158