inputs: 1000
queries: 10
setup: 12.070580
preproc: 0.004064
compute: 0.002780