inputs: 1000
queries: 10
setup: 0.429659
preproc: 0.362116
compute: 0.356483