inputs: 1000
queries: 10
setup: 0.346673
preproc: 0.359110
compute: 0.319080