inputs: 10000
queries: 100
setup: 0.385136
preproc: 2.682125
compute: 0.396699