inputs: 1000
queries: 10
setup: 0.398236
preproc: 0.399967
compute: 0.415699