inputs: 10000
queries: 1000
setup: 0.393360
preproc: 1.713537
compute: 0.176278