inputs: 1000
queries: 10
setup: 2.364139
preproc: 1.079590
compute: 0.036450