inputs: 1000
queries: 10
setup: 0.382484
preproc: 1.073645
compute: 0.035997