inputs: 1000
queries: 10
setup: 0.396468
preproc: 0.386152
compute: 0.128561