inputs: 5000
queries: 50
setup: 0.389174
preproc: 0.002899
compute: 0.530095