inputs: 1000
queries: 10
setup: 0.351635
preproc: 0.002485
compute: 0.390096