inputs: 10000
queries: 1000
setup: 0.406919
preproc: 0.974305
compute: 0.007416