inputs: 10000
queries: 100
setup: 0.059693
preproc: 0.013639
compute: 0.005539