inputs: 1000
queries: 10
setup: 9.327270
preproc: 0.339948
compute: 0.132226