inputs: 5000
queries: 50
setup: 0.383462
preproc: 0.439594
compute: 0.395043