inputs: 10000
queries: 100
setup: 0.059260
preproc: 0.013796
compute: 0.005724