inputs: 1000
queries: 10
setup: 0.391212
preproc: 0.003024
compute: 0.402288