inputs: 10000
queries: 1000
setup: 0.359034
preproc: 0.857442
compute: 0.006541