inputs: 1000
queries: 10
setup: 0.404331
preproc: 2.166955
compute: 0.420365