inputs: 5000
queries: 50
setup: 0.086793
preproc: 0.010065
compute: 0.004314