inputs: 10000
queries: 100
setup: 0.389939
preproc: 0.442644
compute: 0.129744