inputs: 1000
queries: 10
setup: 15.145662
preproc: 0.003696
compute: 0.002667