inputs: 10000
queries: 100
setup: 0.403796
preproc: 0.541775
compute: 0.443674