inputs: 10000
queries: 100
setup: 0.398927
preproc: 1.010409
compute: 0.013294