inputs: 10000
queries: 1000
setup: 0.412250
preproc: 2.826680
compute: 0.511040