inputs: 1000
queries: 10
setup: 0.386336
preproc: 2.199374
compute: 0.035889