inputs: 1000
queries: 10
setup: 0.389802
preproc: 0.329169
compute: 0.331743