inputs: 10000
queries: 1000
setup: 0.390548
preproc: 2.704551
compute: 0.488824