inputs: 1000
queries: 10
setup: 0.387482
preproc: 1.053511
compute: 0.035682