inputs: 5000
queries: 50
setup: 0.394418
preproc: 0.450776
compute: 0.498454