inputs: 1000
queries: 10
setup: 0.389987
preproc: 0.395525
compute: 0.386911