inputs: 1000
queries: 10
setup: 0.386045
preproc: 2.160375
compute: 0.036369