inputs: 5000
queries: 50
setup: 0.388992
preproc: 2.341174
compute: 0.398555