inputs: 10000
queries: 100
setup: 0.415385
preproc: 0.969818
compute: 0.004305