inputs: 1000
queries: 10
setup: 3.288582
preproc: 2.068887
compute: 0.010644