inputs: 10000
queries: 100
setup: 0.407755
preproc: 0.476056
compute: 0.642322