inputs: 10000
queries: 1000
setup: 0.403850
preproc: 1.010334
compute: 0.016960