inputs: 5000
queries: 50
setup: 0.383788
preproc: 2.377052
compute: 0.218231