inputs: 10000
queries: 1000
setup: 0.052457
preproc: 0.014534
compute: 0.012843