inputs: 1000
queries: 10
setup: 0.404438
preproc: 0.397538
compute: 0.391579