inputs: 1000
queries: 10
setup: 0.350788
preproc: 0.367118
compute: 0.381800