inputs: 1000
queries: 10
setup: 0.387901
preproc: 2.168530
compute: 0.393006