inputs: 10000
queries: 100
setup: 0.394190
preproc: 1.704104
compute: 0.153349