inputs: 1000
queries: 10
setup: 8.076676
preproc: 2.132555
compute: 0.013532