inputs: 10000
queries: 1000
setup: 0.389485
preproc: 0.003088
compute: 3.566857