inputs: 10000
queries: 100
setup: 0.402694
preproc: 0.959449
compute: 0.003873