inputs: 10000
queries: 100
setup: 0.381836
preproc: 0.500722
compute: 0.416497