inputs: 10000
queries: 100
setup: 0.414769
preproc: 2.750552
compute: 0.418271