inputs: 10000
queries: 100
setup: 0.391798
preproc: 0.443428
compute: 0.128740