inputs: 5000
queries: 50
setup: 0.387221
preproc: 0.404432
compute: 0.125853