inputs: 10000
queries: 1000
setup: 0.397901
preproc: 0.939483
compute: 0.006870