inputs: 10000
queries: 1000
setup: 0.393067
preproc: 0.469344
compute: 2.845138