inputs: 1000
queries: 10
setup: 0.399350
preproc: 0.872425
compute: 0.003796