inputs: 10000
queries: 100
setup: 0.060592
preproc: 0.013537
compute: 0.005676