inputs: 1000
queries: 10
setup: 0.377867
preproc: 0.310995
compute: 0.316369