inputs: 1000
queries: 10
setup: 0.387078
preproc: 0.378898
compute: 0.339447