inputs: 1000
queries: 10
setup: 2.348578
preproc: 1.054437
compute: 0.035649