inputs: 1000
queries: 10
setup: 0.343208
preproc: 0.915706
compute: 0.031549