inputs: 10000
queries: 1000
setup: 0.384252
preproc: 2.689922
compute: 0.416539