inputs: 10000
queries: 100
setup: 0.389227
preproc: 2.667073
compute: 0.409394