inputs: 5000
queries: 50
setup: 0.389116
preproc: 2.397743
compute: 0.221128