inputs: 1000
queries: 10
setup: 9.317161
preproc: 0.338327
compute: 0.130845