inputs: 1000
queries: 10
setup: 0.828523
preproc: 0.003428
compute: 0.327673