inputs: 10000
queries: 100
setup: 0.385365
preproc: 23.218366
compute: 0.437308