inputs: 10000
queries: 1000
setup: 0.383968
preproc: 0.502166
compute: 0.669445