inputs: 10000
queries: 1000
setup: 0.067168
preproc: 0.013927
compute: 0.014593