inputs: 10000
queries: 1000
setup: 0.389072
preproc: 0.435447
compute: 0.345614