inputs: 1000
queries: 10
setup: 2.081169
preproc: 1.070997
compute: 0.035764