inputs: 10000
queries: 1000
setup: 0.411208
preproc: 0.533520
compute: 2.927006