inputs: 1000
queries: 10
setup: 0.408484
preproc: 0.401498
compute: 0.345741