inputs: 10000
queries: 1000
setup: 0.392344
preproc: 0.519453
compute: 0.697269