inputs: 10000
queries: 1000
setup: 0.382053
preproc: 0.461694
compute: 2.768873