inputs: 1000
queries: 10
setup: 0.392029
preproc: 0.398354
compute: 0.400383