inputs: 1000
queries: 10
setup: 0.393487
preproc: 1.075965
compute: 0.036226