inputs: 10000
queries: 1000
setup: 0.381737
preproc: 0.457612
compute: 2.772305