inputs: 1000
queries: 10
setup: 0.396315
preproc: 0.341013
compute: 0.342243