inputs: 5000
queries: 50
setup: 0.398038
preproc: 0.418704
compute: 0.349454