inputs: 10000
queries: 100
setup: 0.050466
preproc: 0.014516
compute: 0.004736