inputs: 10000
queries: 100
setup: 0.390026
preproc: 2.693971
compute: 0.414713