inputs: 10000
queries: 100
setup: 0.063709
preproc: 0.013240
compute: 0.005467