inputs: 1000
queries: 10
setup: 0.386240
preproc: 1.148295
compute: 0.397881