inputs: 1000
queries: 10
setup: 0.396304
preproc: 0.390319
compute: 0.353870