inputs: 1000
queries: 10
setup: 0.422643
preproc: 0.002947
compute: 0.413030