inputs: 10000
queries: 1000
setup: 0.399047
preproc: 1.010558
compute: 0.016754