inputs: 5000
queries: 50
setup: 0.387927
preproc: 0.409989
compute: 0.343585