inputs: 10000
queries: 1000
setup: 0.356661
preproc: 0.414727
compute: 0.326873