inputs: 1000
queries: 10
setup: 0.610706
preproc: 0.003523
compute: 0.324519