inputs: 10000
queries: 1000
setup: 0.381436
preproc: 2.748110
compute: 0.488168