inputs: 10000
queries: 100
setup: 0.384824
preproc: 0.461571
compute: 0.627183