inputs: 10000
queries: 100
setup: 0.387332
preproc: 22.961280
compute: 0.448078