inputs: 10000
queries: 100
setup: 0.400419
preproc: 0.003073
compute: 0.774725