inputs: 1000
queries: 10
setup: 0.388275
preproc: 0.385624
compute: 0.394875