inputs: 10000
queries: 100
setup: 0.418135
preproc: 0.003712
compute: 0.836214