inputs: 1000
queries: 10
setup: 0.354755
preproc: 0.791413
compute: 0.002921