inputs: 1000
queries: 10
setup: 0.384321
preproc: 2.173855
compute: 0.036637