inputs: 10000
queries: 1000
setup: 0.389815
preproc: 0.466779
compute: 2.813277