inputs: 10000
queries: 100
setup: 0.415913
preproc: 1.735439
compute: 0.158823