inputs: 1000
queries: 10
setup: 0.385614
preproc: 0.380493
compute: 0.385675