inputs: 10000
queries: 1000
setup: 0.404304
preproc: 1.010194
compute: 0.017745