inputs: 10000
queries: 100
setup: 0.060565
preproc: 0.013679
compute: 0.005706