inputs: 1000
queries: 10
setup: 0.062505
preproc: 0.003705
compute: 0.002716