inputs: 1000
queries: 10
setup: 0.402407
preproc: 2.196060
compute: 0.038076