inputs: 5000
queries: 50
setup: 0.389528
preproc: 0.444555
compute: 0.407612