inputs: 1000
queries: 10
setup: 11.183367
preproc: 0.916444
compute: 0.031391