inputs: 1000
queries: 10
setup: 0.375010
preproc: 0.320492
compute: 0.317355