inputs: 10000
queries: 1000
setup: 0.391989
preproc: 0.478251
compute: 2.788246