inputs: 10000
queries: 100
setup: 0.402092
preproc: 0.447483
compute: 0.132241