inputs: 10000
queries: 1000
setup: 0.384453
preproc: 2.655725
compute: 0.424667