inputs: 10000
queries: 1000
setup: 0.397145
preproc: 2.772399
compute: 0.491916