inputs: 5000
queries: 50
setup: 0.435975
preproc: 0.953292
compute: 0.003911