inputs: 1000
queries: 10
setup: 0.400143
preproc: 0.886250
compute: 0.003665