inputs: 1000
queries: 10
setup: 9.517298
preproc: 0.338663
compute: 0.133696