inputs: 10000
queries: 1000
setup: 0.418881
preproc: 0.986499
compute: 0.008649