inputs: 5000
queries: 50
setup: 0.384279
preproc: 2.343211
compute: 0.390106