inputs: 1000
queries: 10
setup: 0.427624
preproc: 0.409660
compute: 0.365432