inputs: 1000
queries: 10
setup: 30.585648
preproc: 0.004126
compute: 0.002794