inputs: 5000
queries: 50
setup: 0.396036
preproc: 0.899087
compute: 0.003669