inputs: 10000
queries: 100
setup: 0.383415
preproc: 2.726264
compute: 0.408025