inputs: 1000
queries: 10
setup: 0.341661
preproc: 0.355514
compute: 0.353056