inputs: 5000
queries: 50
setup: 0.354369
preproc: 0.002781
compute: 0.496186