inputs: 1000
queries: 10
setup: 0.390034
preproc: 0.390764
compute: 0.402014