inputs: 10000
queries: 1000
setup: 0.059838
preproc: 0.013648
compute: 0.013515