inputs: 10000
queries: 100
setup: 0.386579
preproc: 1.695252
compute: 0.149410