inputs: 10000
queries: 1000
setup: 0.387610
preproc: 2.639841
compute: 0.412340