inputs: 10000
queries: 1000
setup: 0.388234
preproc: 2.726150
compute: 0.496859