inputs: 5000
queries: 50
setup: 0.399995
preproc: 0.912681
compute: 0.003841