inputs: 10000
queries: 100
setup: 0.349152
preproc: 0.439964
compute: 0.587716