inputs: 5000
queries: 50
setup: 0.390289
preproc: 0.417095
compute: 0.476112