inputs: 1000
queries: 10
setup: 0.328828
preproc: 0.003142
compute: 0.317706