inputs: 1000
queries: 10
setup: 0.388139
preproc: 0.002753
compute: 0.328118