inputs: 1000
queries: 10
setup: 0.345200
preproc: 1.819479
compute: 0.031824