inputs: 10000
queries: 1000
setup: 0.402718
preproc: 0.960020
compute: 0.007549