inputs: 10000
queries: 100
setup: 0.352333
preproc: 0.456537
compute: 0.626198