inputs: 5000
queries: 50
setup: 0.417718
preproc: 0.428493
compute: 0.131696