inputs: 10000
queries: 100
setup: 0.390862
preproc: 0.471373
compute: 0.628743