inputs: 1000
queries: 10
setup: 0.391423
preproc: 2.172391
compute: 0.399738