inputs: 5000
queries: 50
setup: 0.407913
preproc: 0.437711
compute: 0.372956