inputs: 1000
queries: 10
setup: 0.334300
preproc: 0.295120
compute: 0.304833