inputs: 10000
queries: 1000
setup: 0.390279
preproc: 2.724211
compute: 0.482727