inputs: 10000
queries: 1000
setup: 0.410210
preproc: 1.746768
compute: 0.176372