inputs: 10000
queries: 1000
setup: 0.382829
preproc: 0.459081
compute: 2.821829