inputs: 10000
queries: 1000
setup: 0.401833
preproc: 1.010616
compute: 0.016902