inputs: 10000
queries: 100
setup: 0.387701
preproc: 0.514695
compute: 0.415396