inputs: 10000
queries: 1000
setup: 0.394737
preproc: 0.444195
compute: 0.136055