inputs: 5000
queries: 50
setup: 0.394079
preproc: 0.411305
compute: 0.343496