inputs: 5000
queries: 50
setup: 0.396956
preproc: 0.914888
compute: 0.003777