inputs: 10000
queries: 1000
setup: 0.352117
preproc: 2.411654
compute: 0.449923