inputs: 1000
queries: 10
setup: 0.402126
preproc: 0.880144
compute: 0.004022