inputs: 1000
queries: 10
setup: 0.413392
preproc: 2.015033
compute: 0.014387