inputs: 1000
queries: 10
setup: 0.392720
preproc: 0.382717
compute: 0.336585