inputs: 1000
queries: 10
setup: 0.386265
preproc: 0.002904
compute: 0.345878