inputs: 10000
queries: 100
setup: 0.390278
preproc: 0.500793
compute: 0.415376