inputs: 5000
queries: 50
setup: 0.389255
preproc: 0.408536
compute: 0.127774