inputs: 10000
queries: 100
setup: 0.387972
preproc: 0.444520
compute: 0.138636