inputs: 10000
queries: 100
setup: 0.344514
preproc: 1.515426
compute: 0.142858