inputs: 1000
queries: 10
setup: 3.022636
preproc: 1.078441
compute: 0.036041