inputs: 1000
queries: 10
setup: 0.383070
preproc: 2.144856
compute: 0.037963