inputs: 10000
queries: 100
setup: 0.347992
preproc: 2.364134
compute: 0.376917