inputs: 1000
queries: 10
setup: 0.424081
preproc: 0.004808
compute: 0.390820