inputs: 5000
queries: 50
setup: 0.059113
preproc: 0.008433
compute: 0.004644