inputs: 10000
queries: 100
setup: 0.398695
preproc: 1.010166
compute: 0.013425