inputs: 1000
queries: 10
setup: 0.385121
preproc: 2.140726
compute: 0.391678