inputs: 10000
queries: 1000
setup: 0.387149
preproc: 22.734032
compute: 0.892203