inputs: 1000
queries: 10
setup: 0.392999
preproc: 0.382877
compute: 0.338174