inputs: 10000
queries: 100
setup: 0.340396
preproc: 0.435303
compute: 0.581309