inputs: 10000
queries: 1000
setup: 0.390002
preproc: 0.003052
compute: 3.580082