inputs: 1000
queries: 10
setup: 0.415047
preproc: 0.908679
compute: 0.003917