inputs: 5000
queries: 50
setup: 0.367290
preproc: 0.851547
compute: 0.002934