inputs: 10000
queries: 100
setup: 0.388850
preproc: 0.003085
compute: 0.749812