inputs: 10000
queries: 1000
setup: 0.389840
preproc: 2.747174
compute: 0.492000