inputs: 10000
queries: 1000
setup: 0.342557
preproc: 0.435154
compute: 2.478016