inputs: 1000
queries: 10
setup: 0.395762
preproc: 0.390294
compute: 0.386435