inputs: 10000
queries: 100
setup: 0.408557
preproc: 0.966639
compute: 0.003642