inputs: 10000
queries: 1000
setup: 0.381933
preproc: 22.538147
compute: 0.886019