inputs: 1000
queries: 10
setup: 0.422850
preproc: 0.415347
compute: 0.129267