inputs: 1000
queries: 10
setup: 0.387697
preproc: 2.155116
compute: 0.036279