inputs: 1000
queries: 10
setup: 0.065023
preproc: 0.004066
compute: 0.002851