inputs: 1000
queries: 10
setup: 0.381181
preproc: 0.389492
compute: 0.379507