inputs: 1000
queries: 10
setup: 0.381490
preproc: 0.386357
compute: 0.375808