inputs: 1000
queries: 10
setup: 2.179008
preproc: 1.111785
compute: 0.036894