inputs: 1000
queries: 10
setup: 0.403177
preproc: 0.338320
compute: 0.344311