inputs: 5000
queries: 50
setup: 0.445150
preproc: 2.016584
compute: 0.016484