inputs: 10000
queries: 1000
setup: 0.398911
preproc: 0.447927
compute: 0.347466