inputs: 10000
queries: 100
setup: 0.391430
preproc: 2.807886
compute: 0.414189