inputs: 5000
queries: 50
setup: 0.401727
preproc: 2.452824
compute: 0.401481