inputs: 10000
queries: 1000
setup: 0.396512
preproc: 2.743524
compute: 0.502034