inputs: 1000
queries: 10
setup: 9.094739
preproc: 0.313409
compute: 0.126716