inputs: 1000
queries: 10
setup: 0.350376
preproc: 1.834786
compute: 0.374559