inputs: 10000
queries: 100
setup: 0.443608
preproc: 0.470893
compute: 0.133423