inputs: 1000
queries: 10
setup: 0.402914
preproc: 0.002970
compute: 0.353936