inputs: 1000
queries: 10
setup: 0.379672
preproc: 1.103750
compute: 0.376634