inputs: 10000
queries: 1000
setup: 0.407535
preproc: 0.527757
compute: 0.712074