inputs: 10000
queries: 1000
setup: 0.428397
preproc: 2.014146
compute: 0.019356