inputs: 1000
queries: 10
setup: 0.386253
preproc: 0.375791
compute: 0.125844