inputs: 10000
queries: 1000
setup: 0.396180
preproc: 0.947506
compute: 0.007440