inputs: 10000
queries: 100
setup: 0.355869
preproc: 0.455552
compute: 0.595953