inputs: 10000
queries: 1000
setup: 0.382798
preproc: 22.592319
compute: 0.903304