inputs: 1000
queries: 10
setup: 0.384234
preproc: 0.380189
compute: 0.387918