inputs: 10000
queries: 100
setup: 0.398231
preproc: 0.453995
compute: 0.132913