inputs: 5000
queries: 50
setup: 0.402477
preproc: 1.010386
compute: 0.013285