inputs: 1000
queries: 10
setup: 0.395929
preproc: 0.392469
compute: 0.126262