inputs: 1000
queries: 10
setup: 0.397501
preproc: 1.060653
compute: 0.036783