inputs: 10000
queries: 100
setup: 0.384884
preproc: 0.463244
compute: 0.626954