inputs: 1000
queries: 10
setup: 0.059601
preproc: 0.003829
compute: 0.002843