inputs: 5000
queries: 50
setup: 0.399251
preproc: 0.904655
compute: 0.003623