inputs: 10000
queries: 1000
setup: 0.059405
preproc: 0.013547
compute: 0.013722