inputs: 10000
queries: 1000
setup: 0.380425
preproc: 0.497821
compute: 0.666560