inputs: 1000
queries: 10
setup: 0.392733
preproc: 1.159192
compute: 0.387273