inputs: 1000
queries: 10
setup: 0.385752
preproc: 0.383211
compute: 0.396099