inputs: 5000
queries: 50
setup: 0.382875
preproc: 1.340870
compute: 0.218140