inputs: 10000
queries: 1000
setup: 0.347327
preproc: 0.002393
compute: 3.063338