inputs: 1000
queries: 10
setup: 0.402591
preproc: 0.410225
compute: 0.419073