inputs: 1000
queries: 10
setup: 0.378023
preproc: 0.308365
compute: 0.319335