inputs: 10000
queries: 1000
setup: 0.354652
preproc: 2.446580
compute: 0.456939