inputs: 10000
queries: 1000
setup: 0.409970
preproc: 0.958136
compute: 0.007865