inputs: 1000
queries: 10
setup: 0.389513
preproc: 0.378405
compute: 0.126460