inputs: 5000
queries: 50
setup: 0.395642
preproc: 1.010275
compute: 0.013201