inputs: 1000
queries: 10
setup: 0.385437
preproc: 2.205679
compute: 0.386853