inputs: 10000
queries: 100
setup: 0.059720
preproc: 0.013446
compute: 0.005487