inputs: 10000
queries: 100
setup: 0.383962
preproc: 2.729975
compute: 0.410570