inputs: 1000
queries: 10
setup: 0.394239
preproc: 2.185816
compute: 0.037252