inputs: 10000
queries: 1000
setup: 0.387538
preproc: 2.749504
compute: 0.490579