inputs: 1000
queries: 10
setup: 0.384490
preproc: 1.188610
compute: 0.378705