inputs: 1000
queries: 10
setup: 0.394513
preproc: 0.003030
compute: 0.425400