inputs: 5000
queries: 50
setup: 0.415660
preproc: 1.010731
compute: 0.014087