inputs: 10000
queries: 100
setup: 0.397328
preproc: 0.950901
compute: 0.003798