inputs: 10000
queries: 1000
setup: 0.410436
preproc: 0.475404
compute: 0.371291