inputs: 1000
queries: 10
setup: 0.379650
preproc: 0.002806
compute: 0.324076