inputs: 10000
queries: 1000
setup: 0.389324
preproc: 2.680710
compute: 0.418441