inputs: 10000
queries: 100
setup: 0.409091
preproc: 0.487869
compute: 0.650196