inputs: 1000
queries: 10
setup: 0.402260
preproc: 0.396669
compute: 0.126670