inputs: 10000
queries: 1000
setup: 0.060012
preproc: 0.014006
compute: 0.013743