inputs: 10000
queries: 100
setup: 0.406427
preproc: 1.010196
compute: 0.014014