inputs: 10000
queries: 1000
setup: 0.384304
preproc: 0.467443
compute: 2.782441