inputs: 1000
queries: 10
setup: 1.884364
preproc: 0.901333
compute: 0.031336