inputs: 1000
queries: 10
setup: 0.400813
preproc: 1.182429
compute: 0.407731