inputs: 1000
queries: 10
setup: 0.390938
preproc: 0.319439
compute: 0.332372