inputs: 1000
queries: 10
setup: 0.352965
preproc: 1.848507
compute: 0.372428