inputs: 10000
queries: 1000
setup: 0.390536
preproc: 0.512873
compute: 0.681322