inputs: 1000
queries: 10
setup: 0.380412
preproc: 0.317942
compute: 0.306602