inputs: 5000
queries: 50
setup: 0.360052
preproc: 0.830588
compute: 0.003134