inputs: 1000
queries: 10
setup: 0.334386
preproc: 0.299890
compute: 0.307587