inputs: 10000
queries: 1000
setup: 0.383802
preproc: 0.461939
compute: 2.794129