inputs: 5000
queries: 50
setup: 0.383430
preproc: 0.410908
compute: 0.473146