inputs: 1000
queries: 10
setup: 0.389532
preproc: 2.176607
compute: 0.036291