inputs: 1000
queries: 10
setup: 0.390940
preproc: 1.237302
compute: 0.390263