inputs: 1000
queries: 10
setup: 0.386212
preproc: 0.002802
compute: 0.398966