inputs: 1000
queries: 10
setup: 3.576913
preproc: 2.198715
compute: 0.014001