inputs: 1000
queries: 10
setup: 0.387185
preproc: 0.002850
compute: 0.408605