inputs: 1000
queries: 10
setup: 0.356522
preproc: 1.845508
compute: 0.032604