inputs: 10000
queries: 1000
setup: 0.395594
preproc: 1.010395
compute: 0.016429