inputs: 5000
queries: 50
setup: 0.060052
preproc: 0.008533
compute: 0.003942