inputs: 10000
queries: 1000
setup: 0.392935
preproc: 0.441064
compute: 0.353916