inputs: 10000
queries: 1000
setup: 0.384363
preproc: 1.704781
compute: 0.173815