inputs: 1000
queries: 10
setup: 0.387647
preproc: 0.385171
compute: 0.397921