inputs: 10000
queries: 1000
setup: 0.384900
preproc: 0.003109
compute: 3.585039