inputs: 1000
queries: 10
setup: 0.404464
preproc: 0.326762
compute: 0.315132