inputs: 10000
queries: 1000
setup: 0.386840
preproc: 23.008226
compute: 0.907891