inputs: 5000
queries: 50
setup: 0.421574
preproc: 0.945811
compute: 0.003817