inputs: 10000
queries: 100
setup: 0.350323
preproc: 0.411546
compute: 0.323499