inputs: 1000
queries: 10
setup: 0.387327
preproc: 0.332563
compute: 0.321051