inputs: 1000
queries: 10
setup: 0.410766
preproc: 0.354338
compute: 0.349877