inputs: 10000
queries: 100
setup: 0.392005
preproc: 2.704523
compute: 0.421279