inputs: 1000
queries: 10
setup: 0.406087
preproc: 0.400253
compute: 0.434302