inputs: 10000
queries: 100
setup: 0.383814
preproc: 2.728019
compute: 0.409956