inputs: 5000
queries: 50
setup: 0.384472
preproc: 0.431164
compute: 0.484861