inputs: 10000
queries: 100
setup: 0.386113
preproc: 2.777272
compute: 0.412783