inputs: 10000
queries: 100
setup: 0.355270
preproc: 2.456679
compute: 0.393565