inputs: 10000
queries: 1000
setup: 0.410444
preproc: 0.550992
compute: 0.722733