inputs: 10000
queries: 100
setup: 0.390537
preproc: 2.745816
compute: 0.415795