inputs: 5000
queries: 50
setup: 0.396708
preproc: 0.903376
compute: 0.003699