inputs: 10000
queries: 100
setup: 0.384012
preproc: 2.655630
compute: 0.397728