inputs: 1000
queries: 10
setup: 0.382154
preproc: 1.132638
compute: 0.377788