inputs: 10000
queries: 1000
setup: 0.349134
preproc: 25.522445
compute: 0.846136