inputs: 10000
queries: 100
setup: 0.408842
preproc: 2.013558
compute: 0.013765