inputs: 1000
queries: 10
setup: 2.119043
preproc: 1.086118
compute: 0.036635