inputs: 1000
queries: 10
setup: 0.388057
preproc: 2.233322
compute: 0.036693