inputs: 10000
queries: 100
setup: 0.396409
preproc: 2.746896
compute: 0.431715