inputs: 10000
queries: 100
setup: 0.409936
preproc: 0.511917
compute: 0.427198