inputs: 10000
queries: 1000
setup: 0.400282
preproc: 24.031615
compute: 0.866029