inputs: 10000
queries: 1000
setup: 0.394631
preproc: 0.458149
compute: 0.135636