inputs: 1000
queries: 10
setup: 0.386197
preproc: 0.385861
compute: 0.398574