inputs: 10000
queries: 1000
setup: 0.389252
preproc: 2.739649
compute: 0.488695