inputs: 1000
queries: 10
setup: 0.415237
preproc: 1.249979
compute: 0.401346