inputs: 1000
queries: 10
setup: 0.394475
preproc: 2.217371
compute: 0.406216