inputs: 10000
queries: 100
setup: 0.386363
preproc: 0.473619
compute: 0.639987