inputs: 10000
queries: 1000
setup: 0.348822
preproc: 2.358169
compute: 0.393695