inputs: 5000
queries: 50
setup: 0.383231
preproc: 0.434300
compute: 0.396685