inputs: 10000
queries: 100
setup: 0.382401
preproc: 0.459157
compute: 0.623806