inputs: 1000
queries: 10
setup: 0.385934
preproc: 0.330782
compute: 0.319419