inputs: 5000
queries: 50
setup: 0.384858
preproc: 1.337297
compute: 0.219781