inputs: 1000
queries: 10
setup: 0.388472
preproc: 0.377512
compute: 0.338911