inputs: 5000
queries: 50
setup: 0.387621
preproc: 0.003174
compute: 0.530245