inputs: 10000
queries: 1000
setup: 0.398264
preproc: 0.449727
compute: 0.137267