inputs: 1000
queries: 10
setup: 0.410597
preproc: 0.003220
compute: 0.355413