inputs: 10000
queries: 100
setup: 0.390231
preproc: 2.700312
compute: 0.405401