inputs: 1000
queries: 10
setup: 0.397859
preproc: 1.010349
compute: 0.012535