inputs: 10000
queries: 1000
setup: 0.383854
preproc: 1.703076
compute: 0.169326