inputs: 10000
queries: 100
setup: 0.419308
preproc: 1.030443
compute: 0.003994