inputs: 1000
queries: 10
setup: 0.391631
preproc: 0.002946
compute: 0.345417