inputs: 1000
queries: 10
setup: 0.394841
preproc: 0.389979
compute: 0.126323