inputs: 10000
queries: 100
setup: 0.395265
preproc: 2.791053
compute: 0.417617