inputs: 1000
queries: 10
setup: 12.063648
preproc: 0.004366
compute: 0.002923