inputs: 1000
queries: 10
setup: 0.391781
preproc: 0.861359
compute: 0.003607