inputs: 10000
queries: 1000
setup: 0.350682
preproc: 2.403117
compute: 0.456876