inputs: 1000
queries: 10
setup: 2.074722
preproc: 1.053388
compute: 0.035614