inputs: 1000
queries: 10
setup: 0.062891
preproc: 0.004424
compute: 0.003125