inputs: 10000
queries: 100
setup: 0.381266
preproc: 2.677028
compute: 0.404686