inputs: 10000
queries: 100
setup: 0.348295
preproc: 0.490786
compute: 0.401798