inputs: 10000
queries: 100
setup: 0.431619
preproc: 0.003640
compute: 0.689299