inputs: 1000
queries: 10
setup: 0.386275
preproc: 1.066045
compute: 0.035771