inputs: 1000
queries: 10
setup: 0.401941
preproc: 0.877467
compute: 0.003778