inputs: 5000
queries: 50
setup: 0.360970
preproc: 2.051951
compute: 0.378419