inputs: 1000
queries: 10
setup: 3.707593
preproc: 2.091922
compute: 0.013376