inputs: 10000
queries: 1000
setup: 0.400674
preproc: 0.948914
compute: 0.007360