inputs: 5000
queries: 50
setup: 0.387341
preproc: 0.002960
compute: 0.526826