inputs: 1000
queries: 10
setup: 0.398044
preproc: 1.010197
compute: 0.012804