inputs: 5000
queries: 50
setup: 0.357046
preproc: 0.402699
compute: 0.454110