inputs: 10000
queries: 1000
setup: 0.411701
preproc: 0.506235
compute: 2.835108