inputs: 10000
queries: 1000
setup: 0.353070
preproc: 0.421711
compute: 0.334361