inputs: 10000
queries: 100
setup: 0.380251
preproc: 2.713759
compute: 0.412350