inputs: 10000
queries: 100
setup: 0.389841
preproc: 0.438828
compute: 0.128716