inputs: 1000
queries: 10
setup: 0.400482
preproc: 1.010292
compute: 0.012754