inputs: 5000
queries: 50
setup: 0.355870
preproc: 2.069188
compute: 0.369366