inputs: 1000
queries: 10
setup: 0.394383
preproc: 0.401809
compute: 0.345138