inputs: 5000
queries: 50
setup: 0.349186
preproc: 0.380459
compute: 0.326391