inputs: 1000
queries: 10
setup: 0.395886
preproc: 2.155198
compute: 0.036756