inputs: 1000
queries: 10
setup: 0.402583
preproc: 2.125916
compute: 0.406928