inputs: 10000
queries: 1000
setup: 0.407285
preproc: 0.531036
compute: 0.714933