inputs: 1000
queries: 10
setup: 0.391364
preproc: 0.330137
compute: 0.325459