inputs: 1000
queries: 10
setup: 3.391444
preproc: 2.121444
compute: 0.010490