inputs: 1000
queries: 10
setup: 0.396533
preproc: 1.010147
compute: 0.012938