inputs: 10000
queries: 100
setup: 0.383449
preproc: 23.362069
compute: 0.444302