inputs: 1000
queries: 10
setup: 0.060788
preproc: 0.003888
compute: 0.002872