inputs: 5000
queries: 50
setup: 0.383954
preproc: 0.003074
compute: 0.521445