inputs: 1000
queries: 10
setup: 0.404700
preproc: 0.003034
compute: 0.411542