inputs: 1000
queries: 10
setup: 0.402114
preproc: 0.332703
compute: 0.332133