inputs: 1000
queries: 10
setup: 0.385091
preproc: 2.175869
compute: 0.386220