inputs: 1000
queries: 10
setup: 0.403379
preproc: 1.012109
compute: 0.013145