inputs: 5000
queries: 50
setup: 0.363212
preproc: 0.390347
compute: 0.123713