inputs: 5000
queries: 50
setup: 0.058599
preproc: 0.008295
compute: 0.003809