inputs: 1000
queries: 10
setup: 0.393565
preproc: 1.010253
compute: 0.012246