inputs: 10000
queries: 100
setup: 0.346005
preproc: 0.002647
compute: 0.677306