inputs: 1000
queries: 10
setup: 0.064602
preproc: 0.003752
compute: 0.002711