inputs: 5000
queries: 50
setup: 0.406684
preproc: 0.003255
compute: 0.473281