inputs: 10000
queries: 100
setup: 0.414775
preproc: 2.013663
compute: 0.013972