inputs: 10000
queries: 100
setup: 0.385361
preproc: 2.656191
compute: 0.398157