inputs: 1000
queries: 10
setup: 0.377261
preproc: 0.315686
compute: 0.329702