inputs: 10000
queries: 1000
setup: 0.396698
preproc: 2.681978
compute: 0.428027