inputs: 10000
queries: 100
setup: 0.409922
preproc: 23.023040
compute: 0.469357