inputs: 1000
queries: 10
setup: 0.348940
preproc: 0.304888
compute: 0.310342