inputs: 10000
queries: 1000
setup: 0.059819
preproc: 0.013256
compute: 0.013343