inputs: 5000
queries: 50
setup: 0.386776
preproc: 0.408932
compute: 0.344680