inputs: 1000
queries: 10
setup: 0.389685
preproc: 0.395573
compute: 0.397592