inputs: 10000
queries: 100
setup: 0.395559
preproc: 2.748291
compute: 0.415357