inputs: 1000
queries: 10
setup: 4.008427
preproc: 2.078978
compute: 0.012862