inputs: 10000
queries: 100
setup: 0.400280
preproc: 0.439182
compute: 0.130580