inputs: 10000
queries: 100
setup: 0.394125
preproc: 0.468081
compute: 0.643457