inputs: 1000
queries: 10
setup: 0.353128
preproc: 0.317497
compute: 0.306490