inputs: 1000
queries: 10
setup: 0.422985
preproc: 1.010070
compute: 0.012959