inputs: 1000
queries: 10
setup: 3.438425
preproc: 2.057824
compute: 0.012892