inputs: 5000
queries: 50
setup: 0.456269
preproc: 1.162920
compute: 0.004602