inputs: 10000
queries: 1000
setup: 0.386401
preproc: 2.646721
compute: 0.425235