inputs: 1000
queries: 10
setup: 0.413366
preproc: 2.273589
compute: 0.039646