inputs: 1000
queries: 10
setup: 0.389280
preproc: 0.375695
compute: 0.336065