inputs: 5000
queries: 50
setup: 0.048884
preproc: 0.008473
compute: 0.003062