inputs: 1000
queries: 10
setup: 0.387124
preproc: 2.140029
compute: 0.036328