inputs: 10000
queries: 100
setup: 0.083804
preproc: 0.013925
compute: 0.005927