inputs: 1000
queries: 10
setup: 0.347861
preproc: 1.216802
compute: 0.364896