inputs: 10000
queries: 100
setup: 0.345317
preproc: 0.440759
compute: 0.582423