inputs: 10000
queries: 100
setup: 0.396512
preproc: 0.453792
compute: 0.349765