inputs: 5000
queries: 50
setup: 0.413101
preproc: 1.010607
compute: 0.013741