inputs: 1000
queries: 10
setup: 0.063904
preproc: 0.003848
compute: 0.002778