inputs: 1000
queries: 10
setup: 3.518711
preproc: 2.140903
compute: 0.014130