inputs: 10000
queries: 100
setup: 0.344027
preproc: 22.909745
compute: 0.414014