inputs: 1000
queries: 10
setup: 0.399560
preproc: 0.879988
compute: 0.003642