inputs: 5000
queries: 50
setup: 0.397453
preproc: 1.010398
compute: 0.012996