inputs: 10000
queries: 1000
setup: 0.409920
preproc: 1.131945
compute: 0.008169