inputs: 1000
queries: 10
setup: 0.384139
preproc: 0.002721
compute: 0.327992