inputs: 1000
queries: 10
setup: 0.391288
preproc: 0.383619
compute: 0.127398