inputs: 10000
queries: 100
setup: 0.341200
preproc: 0.470667
compute: 0.382268