inputs: 10000
queries: 1000
setup: 0.343465
preproc: 22.291615
compute: 0.847264