inputs: 1000
queries: 10
setup: 0.384414
preproc: 1.085290
compute: 0.036381