inputs: 5000
queries: 50
setup: 0.392608
preproc: 0.420301
compute: 0.480972