inputs: 1000
queries: 10
setup: 0.407851
preproc: 2.278583
compute: 0.413197