inputs: 1000
queries: 10
setup: 0.387510
preproc: 0.002922
compute: 0.402354