inputs: 1000
queries: 10
setup: 0.348631
preproc: 0.302575
compute: 0.309937