inputs: 1000
queries: 10
setup: 0.393144
preproc: 2.195260
compute: 0.403471