inputs: 10000
queries: 1000
setup: 0.397022
preproc: 0.487489
compute: 2.861059