inputs: 1000
queries: 10
setup: 0.426078
preproc: 0.915342
compute: 0.003732