inputs: 1000
queries: 10
setup: 0.835685
preproc: 0.003516
compute: 0.344141