inputs: 1000
queries: 10
setup: 0.384850
preproc: 2.113298
compute: 0.383266