inputs: 1000
queries: 10
setup: 0.392469
preproc: 0.002819
compute: 0.335269