inputs: 1000
queries: 10
setup: 0.413813
preproc: 0.931222
compute: 0.003927