inputs: 10000
queries: 1000
setup: 0.401617
preproc: 0.465619
compute: 0.355734