inputs: 10000
queries: 1000
setup: 0.060387
preproc: 0.013471
compute: 0.013426