inputs: 10000
queries: 1000
setup: 0.411422
preproc: 0.467169
compute: 0.356734