inputs: 1000
queries: 10
setup: 0.418439
preproc: 2.176411
compute: 0.039064