inputs: 1000
queries: 10
setup: 0.364103
preproc: 1.832020
compute: 0.374924