inputs: 1000
queries: 10
setup: 0.386378
preproc: 0.004248
compute: 0.365302