inputs: 5000
queries: 50
setup: 0.063876
preproc: 0.008123
compute: 0.003731