inputs: 1000
queries: 10
setup: 0.350680
preproc: 1.281707
compute: 0.364506