inputs: 1000
queries: 10
setup: 0.397282
preproc: 1.199108
compute: 0.396161