inputs: 1000
queries: 10
setup: 0.084931
preproc: 0.006043
compute: 0.004541