inputs: 1000
queries: 10
setup: 0.059270
preproc: 0.003756
compute: 0.002764