inputs: 1000
queries: 10
setup: 0.382434
preproc: 0.313478
compute: 0.319655