inputs: 1000
queries: 10
setup: 8.158174
preproc: 0.004206
compute: 0.002921