inputs: 1000
queries: 10
setup: 0.345710
preproc: 1.135643
compute: 0.353902