inputs: 10000
queries: 1000
setup: 0.400161
preproc: 0.958888
compute: 0.007000