inputs: 1000
queries: 10
setup: 9.178415
preproc: 0.311279
compute: 0.124765