inputs: 10000
queries: 1000
setup: 0.054658
preproc: 0.014350
compute: 0.012364