inputs: 1000
queries: 10
setup: 2.109065
preproc: 1.064023
compute: 0.036236