inputs: 1000
queries: 10
setup: 0.385922
preproc: 0.379483
compute: 0.388438