inputs: 1000
queries: 10
setup: 12.170142
preproc: 0.004091
compute: 0.002877