inputs: 10000
queries: 100
setup: 0.396200
preproc: 1.010460
compute: 0.013146