inputs: 10000
queries: 100
setup: 0.387771
preproc: 0.440834
compute: 0.126859