inputs: 1000
queries: 10
setup: 0.378709
preproc: 0.003643
compute: 0.335326