inputs: 10000
queries: 1000
setup: 0.394080
preproc: 1.715557
compute: 0.174075