inputs: 1000
queries: 10
setup: 0.380725
preproc: 0.004116
compute: 0.339654