inputs: 10000
queries: 100
setup: 0.398603
preproc: 0.454658
compute: 0.350448