inputs: 1000
queries: 10
setup: 0.810730
preproc: 0.002803
compute: 0.322491