inputs: 1000
queries: 10
setup: 0.387137
preproc: 2.135320
compute: 0.036541