inputs: 10000
queries: 1000
setup: 0.395848
preproc: 1.010491
compute: 0.016737