inputs: 1000
queries: 10
setup: 0.414706
preproc: 1.010436
compute: 0.012753