inputs: 1000
queries: 10
setup: 0.342545
preproc: 0.361147
compute: 0.318566