inputs: 1000
queries: 10
setup: 9.217451
preproc: 0.322580
compute: 0.125841