inputs: 1000
queries: 10
setup: 0.386434
preproc: 0.387505
compute: 0.388408