inputs: 5000
queries: 50
setup: 0.408126
preproc: 0.950277
compute: 0.003790