inputs: 10000
queries: 100
setup: 0.408684
preproc: 2.830770
compute: 0.447548