inputs: 5000
queries: 50
setup: 0.380677
preproc: 7.625075
compute: 0.407137