inputs: 1000
queries: 10
setup: 0.392450
preproc: 1.208497
compute: 0.377891