inputs: 10000
queries: 100
setup: 0.399886
preproc: 0.003600
compute: 0.791060