inputs: 5000
queries: 50
setup: 0.409138
preproc: 1.361104
compute: 0.226516