inputs: 10000
queries: 100
setup: 0.399461
preproc: 2.716404
compute: 0.418280