inputs: 1000
queries: 10
setup: 0.389273
preproc: 0.386995
compute: 0.388592