inputs: 10000
queries: 1000
setup: 0.359053
preproc: 1.008527
compute: 0.015456