inputs: 1000
queries: 10
setup: 0.392424
preproc: 0.390491
compute: 0.125173