inputs: 10000
queries: 1000
setup: 0.392259
preproc: 2.688976
compute: 0.441218