inputs: 10000
queries: 1000
setup: 0.361789
preproc: 0.878006
compute: 0.006987