inputs: 1000
queries: 10
setup: 0.391297
preproc: 2.200429
compute: 0.418755