inputs: 5000
queries: 50
setup: 0.408555
preproc: 0.915871
compute: 0.003748