inputs: 1000
queries: 10
setup: 0.384318
preproc: 0.318402
compute: 0.312145