inputs: 1000
queries: 10
setup: 15.457272
preproc: 0.004053
compute: 0.002897