inputs: 1000
queries: 10
setup: 0.404217
preproc: 0.378158
compute: 0.390921