inputs: 1000
queries: 10
setup: 0.391098
preproc: 2.184555
compute: 0.036200