inputs: 10000
queries: 100
setup: 0.398721
preproc: 0.003089
compute: 0.671561