inputs: 1000
queries: 10
setup: 0.387788
preproc: 2.157576
compute: 0.402607