inputs: 10000
queries: 1000
setup: 0.391392
preproc: 0.517710
compute: 0.691714