inputs: 10000
queries: 1000
setup: 0.062303
preproc: 0.013470
compute: 0.013690