inputs: 1000
queries: 10
setup: 2.978490
preproc: 2.050296
compute: 0.010790