inputs: 5000
queries: 50
setup: 0.345369
preproc: 0.381469
compute: 0.122100