inputs: 1000
queries: 10
setup: 0.383363
preproc: 2.115547
compute: 0.036283