inputs: 1000
queries: 10
setup: 2.078524
preproc: 1.068045
compute: 0.036338