inputs: 10000
queries: 1000
setup: 0.400604
preproc: 0.471234
compute: 2.795557