inputs: 10000
queries: 1000
setup: 0.389613
preproc: 0.467908
compute: 2.812331