inputs: 10000
queries: 1000
setup: 0.404600
preproc: 1.780711
compute: 0.174759