inputs: 5000
queries: 50
setup: 0.381617
preproc: 1.328763
compute: 0.219365