inputs: 10000
queries: 1000
setup: 0.396953
preproc: 0.457869
compute: 0.138415