inputs: 5000
queries: 50
setup: 0.391508
preproc: 1.344198
compute: 0.222291