inputs: 10000
queries: 100
setup: 0.362388
preproc: 1.008707
compute: 0.012087