inputs: 10000
queries: 1000
setup: 0.396279
preproc: 1.704812
compute: 0.174889