inputs: 10000
queries: 1000
setup: 0.392988
preproc: 0.470130
compute: 2.825947