inputs: 10000
queries: 1000
setup: 0.386164
preproc: 0.456924
compute: 2.792011