inputs: 10000
queries: 100
setup: 0.403447
preproc: 1.136006
compute: 0.004498