inputs: 1000
queries: 10
setup: 9.654840
preproc: 0.336126
compute: 0.133176