inputs: 1000
queries: 10
setup: 0.428524
preproc: 2.261279
compute: 0.445894