inputs: 10000
queries: 1000
setup: 0.362185
preproc: 0.424443
compute: 0.335015