inputs: 5000
queries: 50
setup: 0.387096
preproc: 0.002975
compute: 0.530694