inputs: 1000
queries: 10
setup: 9.264369
preproc: 0.320461
compute: 0.125929