inputs: 10000
queries: 1000
setup: 0.391126
preproc: 0.440976
compute: 0.343569