inputs: 10000
queries: 100
setup: 0.393209
preproc: 0.443043
compute: 0.131878