inputs: 1000
queries: 10
setup: 0.411899
preproc: 0.003182
compute: 0.439923