inputs: 1000
queries: 10
setup: 0.393957
preproc: 0.388308
compute: 0.399722