inputs: 1000
queries: 10
setup: 0.402138
preproc: 1.228674
compute: 0.430530