inputs: 1000
queries: 10
setup: 2.083909
preproc: 1.100094
compute: 0.036587