inputs: 1000
queries: 10
setup: 0.411319
preproc: 0.885697
compute: 0.003583