inputs: 5000
queries: 50
setup: 0.397756
preproc: 0.437516
compute: 0.490182