inputs: 1000
queries: 10
setup: 0.401052
preproc: 0.383045
compute: 0.348023