inputs: 10000
queries: 100
setup: 0.392185
preproc: 0.475182
compute: 0.648798