inputs: 1000
queries: 10
setup: 7.532462
preproc: 0.003997
compute: 0.002612