inputs: 1000
queries: 10
setup: 0.410455
preproc: 2.250933
compute: 0.427713