inputs: 10000
queries: 1000
setup: 0.389234
preproc: 2.736556
compute: 0.492244