inputs: 1000
queries: 10
setup: 9.124726
preproc: 0.004492
compute: 0.003206