inputs: 1000
queries: 10
setup: 0.403502
preproc: 2.187517
compute: 0.420286