inputs: 10000
queries: 1000
setup: 0.394083
preproc: 0.450549
compute: 0.355617