inputs: 10000
queries: 100
setup: 0.059627
preproc: 0.013486
compute: 0.005486