inputs: 1000
queries: 10
setup: 0.394237
preproc: 0.379809
compute: 0.351659