inputs: 1000
queries: 10
setup: 0.416258
preproc: 2.168283
compute: 0.419422