inputs: 1000
queries: 10
setup: 8.650346
preproc: 0.003990
compute: 0.002767