inputs: 1000
queries: 10
setup: 0.391601
preproc: 0.002753
compute: 0.432267