inputs: 1000
queries: 10
setup: 0.401474
preproc: 0.377758
compute: 0.372359