inputs: 10000
queries: 1000
setup: 0.059542
preproc: 0.013402
compute: 0.013511