inputs: 1000
queries: 10
setup: 0.408812
preproc: 1.235920
compute: 0.428004