inputs: 1000
queries: 10
setup: 11.583412
preproc: 0.312745
compute: 0.126387