inputs: 1000
queries: 10
setup: 2.690940
preproc: 1.050050
compute: 0.033738