inputs: 10000
queries: 1000
setup: 0.407295
preproc: 22.810574
compute: 0.936796