inputs: 10000
queries: 1000
setup: 0.391521
preproc: 23.010412
compute: 0.934640