inputs: 5000
queries: 50
setup: 0.380365
preproc: 0.002775
compute: 0.531001