inputs: 1000
queries: 10
setup: 0.385929
preproc: 0.002778
compute: 0.331657