inputs: 10000
queries: 100
setup: 0.424802
preproc: 2.014033
compute: 0.015126