inputs: 1000
queries: 10
setup: 11.812512
preproc: 0.330418
compute: 0.127979