inputs: 1000
queries: 10
setup: 0.396099
preproc: 0.003115
compute: 0.411525