inputs: 1000
queries: 10
setup: 0.402522
preproc: 1.200950
compute: 0.414641