inputs: 1000
queries: 10
setup: 0.358934
preproc: 0.357448
compute: 0.320417