inputs: 1000
queries: 10
setup: 0.413905
preproc: 0.415091
compute: 0.377646