inputs: 1000
queries: 10
setup: 0.600223
preproc: 0.003712
compute: 0.337361