inputs: 10000
queries: 1000
setup: 0.385628
preproc: 2.797602
compute: 0.484507