inputs: 10000
queries: 1000
setup: 0.387636
preproc: 0.003001
compute: 3.511324