inputs: 10000
queries: 100
setup: 0.403720
preproc: 23.308684
compute: 0.462727