inputs: 10000
queries: 1000
setup: 0.411634
preproc: 1.010253
compute: 0.017136