inputs: 10000
queries: 100
setup: 0.362231
preproc: 2.490584
compute: 0.401855