inputs: 10000
queries: 1000
setup: 0.386331
preproc: 2.719464
compute: 0.502325