inputs: 10000
queries: 1000
setup: 0.415527
preproc: 0.003573
compute: 3.633603