inputs: 10000
queries: 1000
setup: 0.406895
preproc: 22.566325
compute: 0.902483