inputs: 10000
queries: 1000
setup: 0.405633
preproc: 2.782834
compute: 0.511361