inputs: 10000
queries: 100
setup: 0.429234
preproc: 2.011977
compute: 0.013519