inputs: 1000
queries: 10
setup: 0.400250
preproc: 0.404541
compute: 0.407268