inputs: 1000
queries: 10
setup: 0.401944
preproc: 0.876237
compute: 0.003728