inputs: 10000
queries: 1000
setup: 0.398243
preproc: 0.533087
compute: 0.704033