inputs: 1000
queries: 10
setup: 0.399714
preproc: 2.150238
compute: 0.397080