inputs: 5000
queries: 50
setup: 0.382630
preproc: 1.329640
compute: 0.222473