inputs: 1000
queries: 10
setup: 0.386204
preproc: 0.321095
compute: 0.335126