inputs: 1000
queries: 10
setup: 3.610868
preproc: 2.098552
compute: 0.013626