inputs: 1000
queries: 10
setup: 0.396564
preproc: 2.141549
compute: 0.036760