inputs: 1000
queries: 10
setup: 0.409143
preproc: 2.250399
compute: 0.459647