inputs: 10000
queries: 100
setup: 0.386508
preproc: 0.003074
compute: 0.752148