inputs: 1000
queries: 10
setup: 0.404233
preproc: 0.003088
compute: 0.340678