inputs: 10000
queries: 1000
setup: 0.404383
preproc: 0.469053
compute: 0.364251