inputs: 10000
queries: 1000
setup: 0.414758
preproc: 0.946572
compute: 0.007914