inputs: 10000
queries: 1000
setup: 0.387951
preproc: 0.463025
compute: 2.813941