inputs: 1000
queries: 10
setup: 0.396419
preproc: 0.390969
compute: 0.393920