inputs: 1000
queries: 10
setup: 0.402409
preproc: 0.402709
compute: 0.346298