inputs: 1000
queries: 10
setup: 0.386778
preproc: 0.002856
compute: 0.352845