inputs: 10000
queries: 1000
setup: 0.414420
preproc: 0.003061
compute: 3.625556