inputs: 1000
queries: 10
setup: 13.154691
preproc: 0.003981
compute: 0.002821