inputs: 10000
queries: 100
setup: 0.390725
preproc: 0.003121
compute: 0.763479