inputs: 1000
queries: 10
setup: 0.385135
preproc: 0.327878
compute: 0.329350