inputs: 1000
queries: 10
setup: 3.504788
preproc: 2.095273
compute: 0.012608