inputs: 10000
queries: 1000
setup: 0.421388
preproc: 0.003014
compute: 3.667574