inputs: 1000
queries: 10
setup: 0.395736
preproc: 0.869201
compute: 0.003675