inputs: 10000
queries: 1000
setup: 0.409932
preproc: 0.488617
compute: 0.136832