inputs: 10000
queries: 100
setup: 0.061516
preproc: 0.013436
compute: 0.005678