inputs: 1000
queries: 10
setup: 3.494532
preproc: 2.064145
compute: 0.013148