inputs: 10000
queries: 100
setup: 0.061705
preproc: 0.013609
compute: 0.005593