inputs: 1000
queries: 10
setup: 0.409886
preproc: 2.230764
compute: 0.424231