inputs: 10000
queries: 100
setup: 0.392931
preproc: 0.470809
compute: 0.632766