inputs: 1000
queries: 10
setup: 0.424315
preproc: 1.120752
compute: 0.037978