inputs: 1000
queries: 10
setup: 0.397883
preproc: 0.391566
compute: 0.126130