inputs: 5000
queries: 50
setup: 0.059821
preproc: 0.008069
compute: 0.003748