inputs: 1000
queries: 10
setup: 0.396554
preproc: 1.166819
compute: 0.388462