inputs: 10000
queries: 1000
setup: 0.393715
preproc: 0.479898
compute: 2.825712