inputs: 10000
queries: 1000
setup: 0.407639
preproc: 0.475908
compute: 0.358247