inputs: 1000
queries: 10
setup: 3.312671
preproc: 1.069628
compute: 0.037179