inputs: 1000
queries: 10
setup: 0.400998
preproc: 1.010437
compute: 0.013031