inputs: 1000
queries: 10
setup: 0.385772
preproc: 0.421751
compute: 0.411567