inputs: 10000
queries: 100
setup: 0.413553
preproc: 0.985337
compute: 0.003899