inputs: 1000
queries: 10
setup: 0.408642
preproc: 0.424152
compute: 0.424719