inputs: 5000
queries: 50
setup: 0.383613
preproc: 0.002997
compute: 0.522657