inputs: 10000
queries: 1000
setup: 0.385636
preproc: 0.461439
compute: 2.777562