inputs: 5000
queries: 50
setup: 0.398355
preproc: 0.437473
compute: 0.482336