inputs: 1000
queries: 10
setup: 0.418944
preproc: 0.433980
compute: 0.137645