inputs: 1000
queries: 10
setup: 0.432472
preproc: 0.926424
compute: 0.004089