inputs: 1000
queries: 10
setup: 0.388628
preproc: 0.384385
compute: 0.390233