inputs: 10000
queries: 100
setup: 0.367382
preproc: 2.403151
compute: 0.404886