inputs: 10000
queries: 1000
setup: 0.395517
preproc: 2.825065
compute: 0.499508