inputs: 10000
queries: 1000
setup: 0.063381
preproc: 0.015227
compute: 0.013032