inputs: 10000
queries: 1000
setup: 0.392995
preproc: 0.471357
compute: 2.786650