inputs: 1000
queries: 10
setup: 0.386333
preproc: 0.002943
compute: 0.405780