inputs: 1000
queries: 10
setup: 2.355632
preproc: 1.049505
compute: 0.035971