inputs: 1000
queries: 10
setup: 0.385844
preproc: 0.002759
compute: 0.396973