inputs: 10000
queries: 1000
setup: 0.388999
preproc: 1.696600
compute: 0.169861