inputs: 1000
queries: 10
setup: 0.390939
preproc: 0.002867
compute: 0.414299