inputs: 1000
queries: 10
setup: 7.112804
preproc: 0.004248
compute: 0.002984