inputs: 1000
queries: 10
setup: 0.398203
preproc: 0.406356
compute: 0.351189