inputs: 10000
queries: 1000
setup: 0.358305
preproc: 0.447632
compute: 2.557824