inputs: 5000
queries: 50
setup: 0.391228
preproc: 2.435838
compute: 0.226839