inputs: 10000
queries: 1000
setup: 0.400725
preproc: 0.947263
compute: 0.006965