inputs: 5000
queries: 50
setup: 0.401282
preproc: 0.913207
compute: 0.003798