inputs: 1000
queries: 10
setup: 0.386466
preproc: 2.152438
compute: 0.036273