inputs: 1000
queries: 10
setup: 2.453493
preproc: 1.074184
compute: 0.038625