inputs: 5000
queries: 50
setup: 0.358981
preproc: 0.409301
compute: 0.335662