inputs: 5000
queries: 50
setup: 0.060354
preproc: 0.008258
compute: 0.003849