inputs: 10000
queries: 100
setup: 0.360823
preproc: 25.482143
compute: 0.424890