inputs: 1000
queries: 10
setup: 0.394077
preproc: 0.002826
compute: 0.417386