inputs: 1000
queries: 10
setup: 0.065679
preproc: 0.004085
compute: 0.002858