inputs: 10000
queries: 1000
setup: 0.398148
preproc: 1.726792
compute: 0.171207