inputs: 5000
queries: 50
setup: 0.385524
preproc: 2.324988
compute: 0.389586