inputs: 10000
queries: 1000
setup: 0.392222
preproc: 2.797194
compute: 0.503659