inputs: 10000
queries: 1000
setup: 0.442897
preproc: 2.910226
compute: 0.530057