inputs: 1000
queries: 10
setup: 9.388285
preproc: 0.322403
compute: 0.126366