inputs: 10000
queries: 1000
setup: 0.392485
preproc: 0.002943
compute: 3.562290