inputs: 1000
queries: 10
setup: 0.421007
preproc: 0.388785
compute: 0.126163