inputs: 10000
queries: 100
setup: 0.409327
preproc: 2.811540
compute: 0.434938