inputs: 1000
queries: 10
setup: 0.384269
preproc: 0.336925
compute: 0.331115