inputs: 1000
queries: 10
setup: 0.403590
preproc: 0.392341
compute: 0.335834