inputs: 10000
queries: 1000
setup: 0.395083
preproc: 0.480276
compute: 2.801523