inputs: 10000
queries: 1000
setup: 0.387414
preproc: 1.706780
compute: 0.171788