inputs: 1000
queries: 10
setup: 0.374797
preproc: 0.838848
compute: 0.003072