inputs: 1000
queries: 10
setup: 0.421150
preproc: 0.929415
compute: 0.003898