inputs: 10000
queries: 100
setup: 0.413780
preproc: 0.489656
compute: 0.137349