inputs: 1000
queries: 10
setup: 0.382339
preproc: 2.113535
compute: 0.390434