inputs: 10000
queries: 1000
setup: 0.393727
preproc: 2.761209
compute: 0.429071