inputs: 1000
queries: 10
setup: 0.372001
preproc: 1.877711
compute: 0.385783