inputs: 10000
queries: 100
setup: 0.389211
preproc: 0.462679
compute: 0.629156