inputs: 1000
queries: 10
setup: 0.359757
preproc: 0.002384
compute: 0.397899