inputs: 1000
queries: 10
setup: 0.396295
preproc: 1.010722
compute: 0.012850