inputs: 10000
queries: 100
setup: 0.413315
preproc: 1.011314
compute: 0.014344