inputs: 10000
queries: 100
setup: 0.412951
preproc: 2.013741
compute: 0.014285