inputs: 5000
queries: 50
setup: 0.385903
preproc: 0.442656
compute: 0.396287