inputs: 10000
queries: 100
setup: 0.398642
preproc: 2.005227
compute: 0.413577