inputs: 10000
queries: 1000
setup: 0.400224
preproc: 0.527299
compute: 0.718767