inputs: 1000
queries: 10
setup: 0.381530
preproc: 1.104715
compute: 0.377666