inputs: 10000
queries: 100
setup: 0.388072
preproc: 0.479222
compute: 0.627228