inputs: 10000
queries: 100
setup: 0.392250
preproc: 0.447551
compute: 0.345501