inputs: 1000
queries: 10
setup: 3.572360
preproc: 2.066344
compute: 0.013215