inputs: 5000
queries: 50
setup: 0.391120
preproc: 0.412421
compute: 0.348352