inputs: 10000
queries: 1000
setup: 0.437700
preproc: 0.499870
compute: 0.389056