inputs: 10000
queries: 100
setup: 0.417301
preproc: 0.973850
compute: 0.004221