inputs: 1000
queries: 10
setup: 0.074683
preproc: 0.004158
compute: 0.003077