inputs: 1000
queries: 10
setup: 0.381611
preproc: 2.144361
compute: 0.387002