inputs: 1000
queries: 10
setup: 0.412259
preproc: 1.011450
compute: 0.014392