inputs: 1000
queries: 10
setup: 0.423306
preproc: 0.426637
compute: 0.417891