inputs: 1000
queries: 10
setup: 0.399058
preproc: 1.245572
compute: 0.387217