inputs: 5000
queries: 50
setup: 0.412120
preproc: 1.011033
compute: 0.013945