inputs: 10000
queries: 100
setup: 0.384935
preproc: 0.003103
compute: 0.759977