inputs: 10000
queries: 100
setup: 0.385924
preproc: 0.003054
compute: 0.757142