inputs: 1000
queries: 10
setup: 0.406046
preproc: 2.101413
compute: 0.036803