inputs: 1000
queries: 10
setup: 2.169980
preproc: 1.102066
compute: 0.037569