inputs: 10000
queries: 100
setup: 0.388567
preproc: 1.703205
compute: 0.151968