inputs: 1000
queries: 10
setup: 0.390320
preproc: 2.157420
compute: 0.036604