inputs: 1000
queries: 10
setup: 0.356029
preproc: 1.364226
compute: 0.388947