inputs: 5000
queries: 50
setup: 0.397146
preproc: 1.011681
compute: 0.013346