inputs: 10000
queries: 1000
setup: 0.414663
preproc: 1.011390
compute: 0.018089