inputs: 5000
queries: 50
setup: 0.385761
preproc: 0.002943
compute: 0.545322