inputs: 1000
queries: 10
setup: 0.405085
preproc: 1.010213
compute: 0.012975