inputs: 10000
queries: 100
setup: 0.434858
preproc: 1.009973
compute: 0.004199