inputs: 10000
queries: 1000
setup: 0.419153
preproc: 2.013583
compute: 0.018340