inputs: 1000
queries: 10
setup: 0.059500
preproc: 0.003732
compute: 0.002754