inputs: 1000
queries: 10
setup: 0.414932
preproc: 2.255861
compute: 0.432976