inputs: 10000
queries: 100
setup: 0.402630
preproc: 2.808325
compute: 0.426628