inputs: 10000
queries: 1000
setup: 0.416344
preproc: 0.545556
compute: 0.716893