inputs: 1000
queries: 10
setup: 17.689349
preproc: 0.003943
compute: 0.002697