inputs: 10000
queries: 100
setup: 0.396491
preproc: 0.002993
compute: 0.765656