inputs: 1000
queries: 10
setup: 17.949939
preproc: 0.003827
compute: 0.002373