inputs: 10000
queries: 100
setup: 0.387197
preproc: 23.797016
compute: 0.444455