inputs: 1000
queries: 10
setup: 0.409273
preproc: 1.010359
compute: 0.013871