inputs: 1000
queries: 10
setup: 0.392090
preproc: 0.003009
compute: 0.419792