inputs: 10000
queries: 100
setup: 0.427308
preproc: 2.013865
compute: 0.013906