inputs: 10000
queries: 1000
setup: 0.401531
preproc: 2.731990
compute: 0.450445