inputs: 5000
queries: 50
setup: 0.406770
preproc: 7.820159
compute: 0.411372