inputs: 1000
queries: 10
setup: 0.384580
preproc: 1.106862
compute: 0.035921