inputs: 10000
queries: 100
setup: 0.390105
preproc: 2.657999
compute: 0.406157