inputs: 1000
queries: 10
setup: 11.447304
preproc: 0.333338
compute: 0.135655