inputs: 1000
queries: 10
setup: 11.754381
preproc: 0.335293
compute: 0.132217