inputs: 1000
queries: 10
setup: 11.603834
preproc: 0.347762
compute: 0.132750