inputs: 10000
queries: 1000
setup: 0.406868
preproc: 0.003060
compute: 3.616069