inputs: 1000
queries: 10
setup: 0.417974
preproc: 2.205546
compute: 0.434561