inputs: 1000
queries: 10
setup: 0.400471
preproc: 2.228924
compute: 0.430793