inputs: 1000
queries: 10
setup: 11.382440
preproc: 0.330528
compute: 0.130576