inputs: 1000
queries: 10
setup: 0.391081
preproc: 0.337615
compute: 0.331843