inputs: 1000
queries: 10
setup: 0.362572
preproc: 0.380356
compute: 0.332692