inputs: 1000
queries: 10
setup: 0.396655
preproc: 0.383027
compute: 0.344503