inputs: 10000
queries: 1000
setup: 0.413038
preproc: 0.549259
compute: 0.707415