inputs: 1000
queries: 10
setup: 0.359609
preproc: 1.887007
compute: 0.033559