inputs: 5000
queries: 50
setup: 0.385206
preproc: 8.081344
compute: 0.412058