inputs: 1000
queries: 10
setup: 22.579228
preproc: 0.004082
compute: 0.002826