inputs: 1000
queries: 10
setup: 0.426555
preproc: 0.411625
compute: 0.369380