inputs: 1000
queries: 10
setup: 0.424621
preproc: 0.347787
compute: 0.339718