inputs: 10000
queries: 100
setup: 0.416781
preproc: 0.472328
compute: 0.358599