inputs: 1000
queries: 10
setup: 0.390680
preproc: 1.235169
compute: 0.379198