inputs: 5000
queries: 50
setup: 0.396931
preproc: 2.387819
compute: 0.457808