inputs: 10000
queries: 1000
setup: 0.384815
preproc: 22.965600
compute: 0.894120