inputs: 10000
queries: 100
setup: 0.390201
preproc: 2.764065
compute: 0.432940