inputs: 10000
queries: 1000
setup: 0.391786
preproc: 0.477087
compute: 2.782612