inputs: 1000
queries: 10
setup: 3.555015
preproc: 2.051219
compute: 0.013734