inputs: 10000
queries: 1000
setup: 0.397434
preproc: 23.033485
compute: 0.888263