inputs: 10000
queries: 100
setup: 0.403314
preproc: 1.427991
compute: 0.152661