inputs: 1000
queries: 10
setup: 0.407033
preproc: 0.388093
compute: 0.401543