inputs: 1000
queries: 10
setup: 0.392802
preproc: 2.112958
compute: 0.388487