inputs: 5000
queries: 50
setup: 0.399922
preproc: 0.422965
compute: 0.129845