inputs: 1000
queries: 10
setup: 0.395337
preproc: 2.166874
compute: 0.407025