inputs: 1000
queries: 10
setup: 11.877688
preproc: 0.309143
compute: 0.125169