inputs: 10000
queries: 1000
setup: 0.417162
preproc: 1.010051
compute: 0.017529