inputs: 1000
queries: 10
setup: 0.408463
preproc: 1.120129
compute: 0.037093