inputs: 10000
queries: 100
setup: 0.403535
preproc: 0.443380
compute: 0.353165