inputs: 1000
queries: 10
setup: 0.401269
preproc: 0.392692
compute: 0.402654