inputs: 10000
queries: 100
setup: 0.401018
preproc: 1.010289
compute: 0.013293