inputs: 10000
queries: 1000
setup: 0.406384
preproc: 0.471535
compute: 0.141582