inputs: 10000
queries: 1000
setup: 0.389539
preproc: 0.438527
compute: 0.350906