inputs: 1000
queries: 10
setup: 0.389226
preproc: 0.382318
compute: 0.129431