inputs: 10000
queries: 1000
setup: 0.391438
preproc: 1.697990
compute: 0.172984