inputs: 10000
queries: 100
setup: 0.387040
preproc: 1.687648
compute: 0.151044