inputs: 10000
queries: 100
setup: 0.061946
preproc: 0.013977
compute: 0.005939