inputs: 1000
queries: 10
setup: 0.386027
preproc: 2.124830
compute: 0.040945