inputs: 10000
queries: 100
setup: 0.386298
preproc: 0.470584
compute: 0.632349