inputs: 1000
queries: 10
setup: 11.751269
preproc: 0.004049
compute: 0.002842