inputs: 10000
queries: 1000
setup: 0.388102
preproc: 23.287539
compute: 0.932949