inputs: 10000
queries: 100
setup: 0.399503
preproc: 1.763126
compute: 0.153459