inputs: 10000
queries: 1000
setup: 0.399173
preproc: 2.793262
compute: 0.495202