inputs: 10000
queries: 1000
setup: 0.060787
preproc: 0.013922
compute: 0.014024