inputs: 10000
queries: 100
setup: 0.403347
preproc: 1.010439
compute: 0.013358