inputs: 5000
queries: 50
setup: 0.386946
preproc: 0.002926
compute: 0.527050