inputs: 1000
queries: 10
setup: 3.334032
preproc: 1.094320
compute: 0.036833