inputs: 10000
queries: 1000
setup: 0.397847
preproc: 2.707260
compute: 0.426046