inputs: 10000
queries: 100
setup: 0.413705
preproc: 2.836371
compute: 0.452731