inputs: 1000
queries: 10
setup: 0.387679
preproc: 2.181755
compute: 0.036553