inputs: 1000
queries: 10
setup: 0.396034
preproc: 2.130632
compute: 0.402025