inputs: 5000
queries: 50
setup: 0.398921
preproc: 1.712178
compute: 0.410352