inputs: 1000
queries: 10
setup: 0.356588
preproc: 1.848504
compute: 0.385667