inputs: 10000
queries: 100
setup: 0.396422
preproc: 0.948974
compute: 0.003644