inputs: 5000
queries: 50
setup: 0.410970
preproc: 0.445055
compute: 0.135816