inputs: 1000
queries: 10
setup: 0.387222
preproc: 2.111123
compute: 0.395985