inputs: 10000
queries: 100
setup: 0.385980
preproc: 2.748943
compute: 0.411901