inputs: 1000
queries: 10
setup: 0.382331
preproc: 2.182160
compute: 0.036250