inputs: 10000
queries: 1000
setup: 0.428391
preproc: 2.811593
compute: 0.476544