inputs: 10000
queries: 1000
setup: 0.389522
preproc: 2.770206
compute: 0.483591