inputs: 10000
queries: 1000
setup: 0.355891
preproc: 0.490179
compute: 0.639471