inputs: 1000
queries: 10
setup: 0.441919
preproc: 1.306897
compute: 0.424010