inputs: 5000
queries: 50
setup: 0.406539
preproc: 0.451267
compute: 0.499296