inputs: 1000
queries: 10
setup: 0.388548
preproc: 0.381419
compute: 0.377369