inputs: 10000
queries: 1000
setup: 0.403566
preproc: 1.725687
compute: 0.174741