inputs: 10000
queries: 100
setup: 0.403209
preproc: 2.821924
compute: 0.433222