inputs: 10000
queries: 1000
setup: 0.388265
preproc: 0.466502
compute: 2.748049