inputs: 5000
queries: 50
setup: 0.395259
preproc: 0.416944
compute: 0.128629