inputs: 5000
queries: 50
setup: 0.396503
preproc: 0.421017
compute: 0.127587