inputs: 5000
queries: 50
setup: 0.366594
preproc: 0.900903
compute: 0.002925