inputs: 5000
queries: 50
setup: 0.390414
preproc: 2.394295
compute: 0.407774