inputs: 10000
queries: 100
setup: 0.400091
preproc: 0.481253
compute: 0.646940