inputs: 1000
queries: 10
setup: 0.385457
preproc: 0.385305
compute: 0.339836