inputs: 1000
queries: 10
setup: 0.385182
preproc: 0.384025
compute: 0.391966