inputs: 5000
queries: 50
setup: 0.410401
preproc: 2.434745
compute: 0.421411