inputs: 10000
queries: 100
setup: 0.387227
preproc: 2.723564
compute: 0.405994