inputs: 1000
queries: 10
setup: 0.396993
preproc: 0.331996
compute: 0.322376