inputs: 1000
queries: 10
setup: 0.061389
preproc: 0.004079
compute: 0.002842