inputs: 10000
queries: 1000
setup: 0.391969
preproc: 0.451724
compute: 0.350124