inputs: 1000
queries: 10
setup: 0.396515
preproc: 2.185907
compute: 0.037491