inputs: 1000
queries: 10
setup: 0.382959
preproc: 0.323637
compute: 0.309065