inputs: 1000
queries: 10
setup: 0.402107
preproc: 2.127801
compute: 0.415012