inputs: 1000
queries: 10
setup: 0.060338
preproc: 0.004182
compute: 0.002789