inputs: 1000
queries: 10
setup: 0.389407
preproc: 0.386187
compute: 0.393574