inputs: 1000
queries: 10
setup: 0.385637
preproc: 2.154924
compute: 0.390442