inputs: 1000
queries: 10
setup: 0.407877
preproc: 2.244761
compute: 0.422113