inputs: 10000
queries: 100
setup: 0.407222
preproc: 0.970608
compute: 0.004017