inputs: 5000
queries: 50
setup: 0.406335
preproc: 2.440614
compute: 0.228661