inputs: 5000
queries: 50
setup: 0.383617
preproc: 0.438763
compute: 0.396738