inputs: 5000
queries: 50
setup: 0.388894
preproc: 7.565380
compute: 0.418126