inputs: 10000
queries: 100
setup: 0.407905
preproc: 1.758582
compute: 0.160042