inputs: 10000
queries: 100
setup: 0.398824
preproc: 2.779196
compute: 0.428425