inputs: 1000
queries: 10
setup: 0.396234
preproc: 0.385427
compute: 0.403630