inputs: 10000
queries: 1000
setup: 0.388831
preproc: 2.733812
compute: 0.489649