inputs: 1000
queries: 10
setup: 0.429291
preproc: 0.933308
compute: 0.003701