inputs: 10000
queries: 100
setup: 0.387213
preproc: 2.729752
compute: 0.413836