inputs: 10000
queries: 100
setup: 0.391452
preproc: 0.002905
compute: 0.763867