inputs: 10000
queries: 1000
setup: 0.416812
preproc: 2.775421
compute: 0.502392