inputs: 1000
queries: 10
setup: 0.415815
preproc: 0.419831
compute: 0.432106