inputs: 10000
queries: 1000
setup: 0.402012
preproc: 0.479838
compute: 2.871110