inputs: 1000
queries: 10
setup: 2.141299
preproc: 1.107546
compute: 0.037528