inputs: 10000
queries: 100
setup: 0.404109
preproc: 0.451682
compute: 0.358218