inputs: 1000
queries: 10
setup: 0.367330
preproc: 1.849458
compute: 0.035729