inputs: 1000
queries: 10
setup: 0.381624
preproc: 2.157366
compute: 0.035895