inputs: 1000
queries: 10
setup: 0.394788
preproc: 0.380628
compute: 0.124974