inputs: 10000
queries: 100
setup: 0.384978
preproc: 0.502232
compute: 0.422159