inputs: 5000
queries: 50
setup: 0.416204
preproc: 0.485776
compute: 0.426494