inputs: 5000
queries: 50
setup: 0.381318
preproc: 2.361864
compute: 0.391624