inputs: 1000
queries: 10
setup: 0.409313
preproc: 2.164981
compute: 0.433830