inputs: 1000
queries: 10
setup: 11.682966
preproc: 0.310503
compute: 0.124743