inputs: 1000
queries: 10
setup: 0.060211
preproc: 0.003998
compute: 0.002969