inputs: 1000
queries: 10
setup: 0.404797
preproc: 1.010060
compute: 0.013153