inputs: 1000
queries: 10
setup: 0.396164
preproc: 2.221059
compute: 0.037816