inputs: 1000
queries: 10
setup: 0.392035
preproc: 0.384609
compute: 0.343932