inputs: 1000
queries: 10
setup: 0.835584
preproc: 0.003432
compute: 0.351264