inputs: 5000
queries: 50
setup: 0.387213
preproc: 0.423572
compute: 0.481884