inputs: 10000
queries: 100
setup: 0.392591
preproc: 0.449775
compute: 0.349956