inputs: 1000
queries: 10
setup: 0.404078
preproc: 1.190995
compute: 0.399345