inputs: 10000
queries: 1000
setup: 0.387628
preproc: 1.666200
compute: 0.168689