inputs: 10000
queries: 100
setup: 0.399479
preproc: 2.771032
compute: 0.432541