inputs: 5000
queries: 50
setup: 0.395435
preproc: 2.406941
compute: 0.393585