inputs: 5000
queries: 50
setup: 0.402311
preproc: 0.453824
compute: 0.405861