inputs: 10000
queries: 100
setup: 0.064402
preproc: 0.013669
compute: 0.005641