inputs: 1000
queries: 10
setup: 0.385587
preproc: 0.407285
compute: 0.350245