inputs: 5000
queries: 50
setup: 0.431027
preproc: 7.643250
compute: 0.443692