inputs: 1000
queries: 10
setup: 0.381644
preproc: 0.002955
compute: 0.403155