inputs: 10000
queries: 1000
setup: 0.424755
preproc: 2.875319
compute: 0.546510