inputs: 10000
queries: 100
setup: 0.399254
preproc: 1.010481
compute: 0.013444