inputs: 10000
queries: 1000
setup: 0.391309
preproc: 1.696080
compute: 0.172840