inputs: 1000
queries: 10
setup: 0.403922
preproc: 2.212544
compute: 0.037080