inputs: 1000
queries: 10
setup: 0.415703
preproc: 0.441082
compute: 0.128707