inputs: 1000
queries: 10
setup: 0.384692
preproc: 2.131873
compute: 0.389235