inputs: 10000
queries: 100
setup: 0.392506
preproc: 2.714625
compute: 0.410742