inputs: 1000
queries: 10
setup: 0.407869
preproc: 2.180348
compute: 0.409462