inputs: 10000
queries: 1000
setup: 0.390499
preproc: 22.967635
compute: 0.904498