inputs: 10000
queries: 100
setup: 0.393945
preproc: 0.467120
compute: 0.634943