inputs: 1000
queries: 10
setup: 0.404831
preproc: 0.401780
compute: 0.114844