inputs: 1000
queries: 10
setup: 0.416897
preproc: 2.176106
compute: 0.428514