inputs: 5000
queries: 50
setup: 0.425024
preproc: 0.450012
compute: 0.372916