inputs: 10000
queries: 1000
setup: 0.385612
preproc: 2.648787
compute: 0.419672