inputs: 1000
queries: 10
setup: 4.112661
preproc: 2.113871
compute: 0.012563