inputs: 10000
queries: 100
setup: 0.419124
preproc: 1.799071
compute: 0.157629