inputs: 10000
queries: 100
setup: 0.400327
preproc: 0.947836
compute: 0.004026