inputs: 10000
queries: 1000
setup: 0.434803
preproc: 1.028452
compute: 0.007941