inputs: 1000
queries: 10
setup: 11.518935
preproc: 0.319234
compute: 0.125690