inputs: 5000
queries: 50
setup: 0.415410
preproc: 0.435665
compute: 0.140346