inputs: 5000
queries: 50
setup: 0.389939
preproc: 0.442693
compute: 0.445097