inputs: 1000
queries: 10
setup: 0.416965
preproc: 1.213737
compute: 0.403629