inputs: 10000
queries: 1000
setup: 0.416534
preproc: 0.003115
compute: 3.684675