inputs: 1000
queries: 10
setup: 7.010172
preproc: 0.004001
compute: 0.002890