inputs: 1000
queries: 10
setup: 0.371218
preproc: 0.387465
compute: 0.344428