inputs: 10000
queries: 100
setup: 0.382267
preproc: 0.003040
compute: 0.755252