inputs: 1000
queries: 10
setup: 0.392472
preproc: 2.247817
compute: 0.394204