inputs: 10000
queries: 100
setup: 0.386184
preproc: 0.466215
compute: 0.638986