inputs: 5000
queries: 50
setup: 0.406102
preproc: 0.477902
compute: 0.438238