inputs: 5000
queries: 50
setup: 0.064886
preproc: 0.008512
compute: 0.003754