inputs: 1000
queries: 10
setup: 0.849293
preproc: 0.003765
compute: 0.356152