inputs: 5000
queries: 50
setup: 0.390075
preproc: 2.388033
compute: 0.394437