inputs: 1000
queries: 10
setup: 0.399344
preproc: 0.894445
compute: 0.003890