inputs: 5000
queries: 50
setup: 0.390242
preproc: 2.474530
compute: 0.398253