inputs: 10000
queries: 100
setup: 0.398231
preproc: 1.010453
compute: 0.013750