inputs: 1000
queries: 10
setup: 0.418626
preproc: 1.010566
compute: 0.013815