inputs: 1000
queries: 10
setup: 0.410829
preproc: 0.424928
compute: 0.405726