inputs: 10000
queries: 1000
setup: 0.396066
preproc: 0.472735
compute: 2.708237