inputs: 1000
queries: 10
setup: 0.407025
preproc: 1.010698
compute: 0.013772