inputs: 1000
queries: 10
setup: 0.394083
preproc: 1.073305
compute: 0.036455