inputs: 10000
queries: 100
setup: 0.406627
preproc: 0.569291
compute: 0.444593