inputs: 1000
queries: 10
setup: 0.426507
preproc: 0.416967
compute: 0.140967