inputs: 5000
queries: 50
setup: 0.403194
preproc: 1.010318
compute: 0.013694