inputs: 1000
queries: 10
setup: 0.397068
preproc: 1.196876
compute: 0.385114