inputs: 1000
queries: 10
setup: 0.390589
preproc: 1.150224
compute: 0.387030