inputs: 5000
queries: 50
setup: 0.429915
preproc: 2.013907
compute: 0.014075