inputs: 10000
queries: 1000
setup: 0.410731
preproc: 1.010629
compute: 0.016670