inputs: 1000
queries: 10
setup: 0.395858
preproc: 1.100801
compute: 0.038036