inputs: 1000
queries: 10
setup: 0.396755
preproc: 0.387971
compute: 0.343994