inputs: 1000
queries: 10
setup: 0.404929
preproc: 2.151147
compute: 0.421822