inputs: 1000
queries: 10
setup: 0.444651
preproc: 0.933821
compute: 0.004000