inputs: 10000
queries: 1000
setup: 0.418761
preproc: 2.921463
compute: 0.537360