inputs: 1000
queries: 10
setup: 0.400220
preproc: 2.152790
compute: 0.037373