inputs: 5000
queries: 50
setup: 0.392644
preproc: 1.365085
compute: 0.220033