inputs: 1000
queries: 10
setup: 0.402467
preproc: 0.350932
compute: 0.340579