inputs: 1000
queries: 10
setup: 0.385005
preproc: 1.047571
compute: 0.036027