inputs: 5000
queries: 50
setup: 0.388751
preproc: 0.405848
compute: 0.347650