inputs: 10000
queries: 100
setup: 0.372581
preproc: 1.009228
compute: 0.011990