inputs: 1000
queries: 10
setup: 0.395527
preproc: 0.403083
compute: 0.392028