inputs: 5000
queries: 50
setup: 0.413610
preproc: 7.941895
compute: 0.419904