inputs: 1000
queries: 10
setup: 14.358994
preproc: 0.003860
compute: 0.002671