inputs: 1000
queries: 10
setup: 0.390194
preproc: 0.338197
compute: 0.341530