inputs: 10000
queries: 100
setup: 0.386630
preproc: 0.463996
compute: 0.634115