inputs: 1000
queries: 10
setup: 0.387804
preproc: 2.168788
compute: 0.405085