inputs: 1000
queries: 10
setup: 0.395857
preproc: 1.102840
compute: 0.037664