inputs: 10000
queries: 100
setup: 0.412435
preproc: 2.888379
compute: 0.451951