inputs: 10000
queries: 100
setup: 0.396092
preproc: 1.010212
compute: 0.013929