inputs: 1000
queries: 10
setup: 0.392581
preproc: 0.387242
compute: 0.129291