inputs: 1000
queries: 10
setup: 0.403564
preproc: 0.004158
compute: 0.373715