inputs: 5000
queries: 50
setup: 0.061005
preproc: 0.008748
compute: 0.003937