inputs: 1000
queries: 10
setup: 0.392640
preproc: 0.325468
compute: 0.315105