inputs: 1000
queries: 10
setup: 0.383883
preproc: 2.077591
compute: 0.036394