inputs: 1000
queries: 10
setup: 2.122436
preproc: 1.083251
compute: 0.037363