inputs: 10000
queries: 100
setup: 0.386318
preproc: 1.678625
compute: 0.150530