inputs: 1000
queries: 10
setup: 0.409946
preproc: 0.398670
compute: 0.126097