inputs: 1000
queries: 10
setup: 0.401793
preproc: 0.881634
compute: 0.003701