inputs: 1000
queries: 10
setup: 0.358165
preproc: 0.376667
compute: 0.387726