inputs: 1000
queries: 10
setup: 0.382244
preproc: 0.321568
compute: 0.323857