inputs: 1000
queries: 10
setup: 0.391766
preproc: 0.002827
compute: 0.332341