inputs: 10000
queries: 100
setup: 0.409276
preproc: 2.843770
compute: 0.445150