inputs: 10000
queries: 1000
setup: 0.387094
preproc: 2.691903
compute: 0.418815