inputs: 1000
queries: 10
setup: 0.379685
preproc: 1.201394
compute: 0.376105