inputs: 5000
queries: 50
setup: 0.393423
preproc: 0.458724
compute: 0.409528