inputs: 1000
queries: 10
setup: 2.170913
preproc: 1.132517
compute: 0.039333