inputs: 10000
queries: 1000
setup: 0.398894
preproc: 0.951844
compute: 0.007979