inputs: 10000
queries: 1000
setup: 0.378764
preproc: 0.922510
compute: 0.007710