inputs: 10000
queries: 100
setup: 0.397546
preproc: 0.479670
compute: 0.641905