inputs: 1000
queries: 10
setup: 4.150844
preproc: 2.050307
compute: 0.012842