inputs: 10000
queries: 100
setup: 0.392305
preproc: 0.443873
compute: 0.130464