inputs: 10000
queries: 100
setup: 0.395867
preproc: 0.492477
compute: 0.652613