inputs: 10000
queries: 1000
setup: 0.392609
preproc: 0.449394
compute: 0.358722