inputs: 10000
queries: 100
setup: 0.413061
preproc: 0.512196
compute: 0.658692