inputs: 10000
queries: 1000
setup: 0.387101
preproc: 0.446503
compute: 0.132393