inputs: 10000
queries: 100
setup: 0.065610
preproc: 0.014771
compute: 0.006084