inputs: 1000
queries: 10
setup: 0.411043
preproc: 1.184097
compute: 0.393144