inputs: 10000
queries: 1000
setup: 0.387022
preproc: 2.759816
compute: 0.492423