inputs: 1000
queries: 10
setup: 0.399013
preproc: 1.010246
compute: 0.012883