inputs: 10000
queries: 100
setup: 0.391146
preproc: 0.446748
compute: 0.131398