inputs: 1000
queries: 10
setup: 0.396500
preproc: 0.389598
compute: 0.347531