inputs: 1000
queries: 10
setup: 12.215986
preproc: 0.346701
compute: 0.131073