inputs: 5000
queries: 50
setup: 0.409373
preproc: 0.003024
compute: 0.543653