inputs: 1000
queries: 10
setup: 0.403798
preproc: 2.229883
compute: 0.036569