inputs: 10000
queries: 100
setup: 0.401462
preproc: 2.778091
compute: 0.424428