inputs: 5000
queries: 50
setup: 0.395989
preproc: 1.095594
compute: 0.241241