inputs: 10000
queries: 100
setup: 0.398387
preproc: 2.824997
compute: 0.429745