inputs: 1000
queries: 10
setup: 0.388355
preproc: 0.379800
compute: 0.392924