inputs: 1000
queries: 10
setup: 0.402789
preproc: 2.171558
compute: 0.038826