inputs: 1000
queries: 10
setup: 0.381610
preproc: 0.317297
compute: 0.324913