inputs: 1000
queries: 10
setup: 0.430780
preproc: 0.002897
compute: 0.374699