inputs: 10000
queries: 100
setup: 0.062252
preproc: 0.013544
compute: 0.005675