inputs: 10000
queries: 1000
setup: 0.388987
preproc: 0.003018
compute: 3.593030