inputs: 10000
queries: 100
setup: 0.064005
preproc: 0.013658
compute: 0.005771