inputs: 1000
queries: 10
setup: 0.399862
preproc: 0.403336
compute: 0.408189