inputs: 10000
queries: 1000
setup: 0.387886
preproc: 0.461840
compute: 2.778113