inputs: 10000
queries: 100
setup: 0.402437
preproc: 1.010908
compute: 0.013134