inputs: 1000
queries: 10
setup: 0.389429
preproc: 0.383365
compute: 0.346163