inputs: 1000
queries: 10
setup: 0.396256
preproc: 0.336809
compute: 0.349526