inputs: 10000
queries: 1000
setup: 0.357972
preproc: 0.455228
compute: 2.496600