inputs: 10000
queries: 100
setup: 0.419281
preproc: 2.755187
compute: 0.440842