inputs: 1000
queries: 10
setup: 0.388142
preproc: 0.003025
compute: 0.405715