inputs: 10000
queries: 1000
setup: 0.389687
preproc: 2.764498
compute: 0.493256