inputs: 5000
queries: 50
setup: 0.390985
preproc: 0.425744
compute: 0.484362