inputs: 10000
queries: 1000
setup: 0.385273
preproc: 2.612739
compute: 0.417317