inputs: 1000
queries: 10
setup: 0.390108
preproc: 0.002875
compute: 0.327995