inputs: 1000
queries: 10
setup: 0.386728
preproc: 2.142733
compute: 0.390398