inputs: 1000
queries: 10
setup: 0.411701
preproc: 0.003009
compute: 0.366361