inputs: 1000
queries: 10
setup: 0.404800
preproc: 0.426334
compute: 0.412446