inputs: 10000
queries: 1000
setup: 0.429871
preproc: 2.014566
compute: 0.018175