inputs: 10000
queries: 1000
setup: 0.408151
preproc: 0.948193
compute: 0.007627