inputs: 1000
queries: 10
setup: 0.383472
preproc: 0.383116
compute: 0.386002