inputs: 10000
queries: 1000
setup: 0.412803
preproc: 0.984213
compute: 0.007966