inputs: 1000
queries: 10
setup: 0.413218
preproc: 0.876755
compute: 0.004069