inputs: 10000
queries: 1000
setup: 0.388315
preproc: 0.003125
compute: 3.548163