inputs: 1000
queries: 10
setup: 0.401289
preproc: 0.404040
compute: 0.396846