inputs: 1000
queries: 10
setup: 0.415892
preproc: 2.224239
compute: 0.037995