inputs: 1000
queries: 10
setup: 0.406325
preproc: 1.194421
compute: 0.401758