inputs: 1000
queries: 10
setup: 0.422633
preproc: 0.432265
compute: 0.437638