inputs: 1000
queries: 10
setup: 0.361293
preproc: 0.002710
compute: 0.384192