inputs: 10000
queries: 100
setup: 0.392882
preproc: 2.775588
compute: 0.405167