inputs: 1000
queries: 10
setup: 0.377706
preproc: 0.847423
compute: 0.003302