inputs: 1000
queries: 10
setup: 0.386790
preproc: 2.156518
compute: 0.390670