inputs: 1000
queries: 10
setup: 0.066714
preproc: 0.004209
compute: 0.003075