inputs: 5000
queries: 50
setup: 0.415458
preproc: 0.453074
compute: 0.511235