inputs: 10000
queries: 1000
setup: 0.387865
preproc: 0.445612
compute: 0.345773