inputs: 1000
queries: 10
setup: 0.414266
preproc: 2.262038
compute: 0.038790