inputs: 1000
queries: 10
setup: 11.602898
preproc: 0.385921
compute: 0.137120