inputs: 5000
queries: 50
setup: 0.414356
preproc: 0.003122
compute: 0.560569