inputs: 5000
queries: 50
setup: 0.394833
preproc: 2.396078
compute: 0.412425