inputs: 1000
queries: 10
setup: 2.439850
preproc: 1.044424
compute: 0.035901