inputs: 1000
queries: 10
setup: 0.384537
preproc: 0.387650
compute: 0.391147