inputs: 5000
queries: 50
setup: 0.401436
preproc: 1.010261
compute: 0.013023