inputs: 1000
queries: 10
setup: 0.408090
preproc: 0.413199
compute: 0.351707