inputs: 10000
queries: 1000
setup: 0.388491
preproc: 0.452725
compute: 0.360360