inputs: 10000
queries: 1000
setup: 0.387401
preproc: 2.750476
compute: 0.488155