inputs: 1000
queries: 10
setup: 0.400282
preproc: 2.177400
compute: 0.408913