inputs: 10000
queries: 100
setup: 0.382175
preproc: 0.503933
compute: 0.414325