inputs: 5000
queries: 50
setup: 0.395066
preproc: 0.419305
compute: 0.356418