inputs: 5000
queries: 50
setup: 0.403126
preproc: 2.415472
compute: 0.408002