inputs: 1000
queries: 10
setup: 0.425808
preproc: 0.003493
compute: 0.365479