inputs: 10000
queries: 100
setup: 0.409153
preproc: 2.728705
compute: 0.430219