inputs: 1000
queries: 10
setup: 0.394713
preproc: 0.395183
compute: 0.406157