inputs: 10000
queries: 100
setup: 0.394305
preproc: 0.473051
compute: 0.636663