inputs: 1000
queries: 10
setup: 0.402453
preproc: 0.002812
compute: 0.412752