inputs: 10000
queries: 100
setup: 0.401881
preproc: 0.461923
compute: 0.347667