inputs: 1000
queries: 10
setup: 0.061038
preproc: 0.004363
compute: 0.003056