inputs: 10000
queries: 1000
setup: 0.364159
preproc: 2.457827
compute: 0.472791