inputs: 1000
queries: 10
setup: 0.405571
preproc: 1.010159
compute: 0.013784