inputs: 1000
queries: 10
setup: 0.385157
preproc: 0.002847
compute: 0.400118