inputs: 10000
queries: 100
setup: 0.405586
preproc: 22.460334
compute: 0.489069