inputs: 1000
queries: 10
setup: 0.357897
preproc: 0.403259
compute: 0.395912