inputs: 5000
queries: 50
setup: 0.397279
preproc: 0.417720
compute: 0.129004