inputs: 10000
queries: 100
setup: 0.412081
preproc: 0.474273
compute: 0.640857