inputs: 1000
queries: 10
setup: 0.387699
preproc: 2.167046
compute: 0.394865