inputs: 10000
queries: 100
setup: 0.393232
preproc: 22.330289
compute: 0.441624