inputs: 1000
queries: 10
setup: 0.059257
preproc: 0.003721
compute: 0.002814