inputs: 10000
queries: 1000
setup: 0.397798
preproc: 2.088176
compute: 0.478528