inputs: 1000
queries: 10
setup: 0.398271
preproc: 0.396001
compute: 0.349620