inputs: 5000
queries: 50
setup: 0.402074
preproc: 1.010661
compute: 0.013009