inputs: 10000
queries: 100
setup: 0.403208
preproc: 1.010713
compute: 0.013650