inputs: 10000
queries: 1000
setup: 0.390911
preproc: 0.443557
compute: 0.350533