inputs: 1000
queries: 10
setup: 0.721034
preproc: 0.003666
compute: 0.335345