inputs: 1000
queries: 10
setup: 0.360627
preproc: 0.375593
compute: 0.123800