inputs: 10000
queries: 100
setup: 0.395194
preproc: 0.476430
compute: 0.636168