inputs: 1000
queries: 10
setup: 0.400248
preproc: 0.002918
compute: 0.416696