inputs: 10000
queries: 1000
setup: 0.400351
preproc: 1.010227
compute: 0.016794