inputs: 1000
queries: 10
setup: 7.457006
preproc: 0.003838
compute: 0.002769