inputs: 1000
queries: 10
setup: 0.396991
preproc: 0.879674
compute: 0.003694