inputs: 1000
queries: 10
setup: 0.367093
preproc: 1.007689
compute: 0.011695