inputs: 1000
queries: 10
setup: 0.396283
preproc: 1.139747
compute: 0.388028