inputs: 10000
queries: 1000
setup: 0.395689
preproc: 2.742349
compute: 0.487534