inputs: 10000
queries: 100
setup: 0.417528
preproc: 2.014848
compute: 0.014096