inputs: 1000
queries: 10
setup: 0.381511
preproc: 0.322844
compute: 0.313003