inputs: 1000
queries: 10
setup: 0.393592
preproc: 2.176505
compute: 0.037063