inputs: 10000
queries: 1000
setup: 0.398968
preproc: 0.450886
compute: 0.136277