inputs: 5000
queries: 50
setup: 0.391527
preproc: 2.166172
compute: 0.436429