inputs: 10000
queries: 100
setup: 0.399552
preproc: 0.002927
compute: 0.764377