inputs: 1000
queries: 10
setup: 13.654912
preproc: 0.003867
compute: 0.002740