inputs: 1000
queries: 10
setup: 0.410001
preproc: 0.881634
compute: 0.003521