inputs: 5000
queries: 50
setup: 0.403470
preproc: 1.010360
compute: 0.013688