inputs: 10000
queries: 100
setup: 0.439894
preproc: 2.014178
compute: 0.014333