inputs: 1000
queries: 10
setup: 0.388280
preproc: 0.325694
compute: 0.315116