inputs: 5000
queries: 50
setup: 0.391044
preproc: 7.379825
compute: 0.418885