inputs: 1000
queries: 10
setup: 0.380578
preproc: 0.313454
compute: 0.325572