inputs: 1000
queries: 10
setup: 0.396029
preproc: 0.395062
compute: 0.383788