inputs: 5000
queries: 50
setup: 0.398185
preproc: 0.414695
compute: 0.131113