inputs: 1000
queries: 10
setup: 0.394819
preproc: 0.376823
compute: 0.129750