inputs: 1000
queries: 10
setup: 0.403135
preproc: 0.887435
compute: 0.003689