inputs: 5000
queries: 50
setup: 0.406780
preproc: 0.905082
compute: 0.003652