inputs: 1000
queries: 10
setup: 0.408144
preproc: 2.273982
compute: 0.037959