inputs: 10000
queries: 100
setup: 0.504603
preproc: 2.465924
compute: 0.441786