inputs: 1000
queries: 10
setup: 0.384104
preproc: 0.323969
compute: 0.325849