inputs: 1000
queries: 10
setup: 3.882304
preproc: 2.140970
compute: 0.014004