inputs: 1000
queries: 10
setup: 0.361960
preproc: 1.844936
compute: 0.388024