inputs: 1000
queries: 10
setup: 11.242737
preproc: 0.313478
compute: 0.125323