inputs: 1000
queries: 10
setup: 0.408462
preproc: 1.010425
compute: 0.013147