inputs: 1000
queries: 10
setup: 0.387220
preproc: 2.110708
compute: 0.385657