inputs: 1000
queries: 10
setup: 0.395691
preproc: 0.002885
compute: 0.349671