inputs: 1000
queries: 10
setup: 0.386292
preproc: 0.379543
compute: 0.389668