inputs: 10000
queries: 1000
setup: 0.389577
preproc: 0.440202
compute: 0.141236