inputs: 10000
queries: 100
setup: 0.391986
preproc: 0.003055
compute: 0.766667