inputs: 10000
queries: 100
setup: 0.384964
preproc: 0.506163
compute: 0.415545