inputs: 5000
queries: 50
setup: 0.394521
preproc: 2.438289
compute: 0.432389