inputs: 5000
queries: 50
setup: 0.388889
preproc: 0.421414
compute: 0.486451