inputs: 10000
queries: 1000
setup: 0.390574
preproc: 2.689647
compute: 0.419003