inputs: 10000
queries: 1000
setup: 0.413831
preproc: 22.624771
compute: 0.933329