inputs: 10000
queries: 1000
setup: 0.385498
preproc: 26.728561
compute: 0.915434