inputs: 1000
queries: 10
setup: 0.403973
preproc: 2.140254
compute: 0.036263