inputs: 1000
queries: 10
setup: 0.396832
preproc: 1.084313
compute: 0.036487