inputs: 10000
queries: 100
setup: 0.402484
preproc: 1.010758
compute: 0.013921