inputs: 1000
queries: 10
setup: 0.396879
preproc: 1.010169
compute: 0.013009