inputs: 10000
queries: 1000
setup: 0.380732
preproc: 1.594227
compute: 0.173354