inputs: 1000
queries: 10
setup: 0.393919
preproc: 0.385278
compute: 0.392816