inputs: 10000
queries: 100
setup: 0.382605
preproc: 23.072106
compute: 0.435095