inputs: 1000
queries: 10
setup: 0.396106
preproc: 1.134756
compute: 0.383707