inputs: 10000
queries: 100
setup: 0.414036
preproc: 2.903692
compute: 0.447320