inputs: 1000
queries: 10
setup: 0.360689
preproc: 0.377276
compute: 0.122071