inputs: 10000
queries: 1000
setup: 0.386137
preproc: 2.688839
compute: 0.430084