inputs: 1000
queries: 10
setup: 14.383209
preproc: 0.003878
compute: 0.002807