inputs: 1000
queries: 10
setup: 0.400176
preproc: 0.882931
compute: 0.003679