inputs: 10000
queries: 1000
setup: 0.391817
preproc: 0.449346
compute: 0.354313