inputs: 5000
queries: 50
setup: 0.387859
preproc: 2.400253
compute: 0.399905