inputs: 10000
queries: 1000
setup: 0.410251
preproc: 0.505056
compute: 2.867098