inputs: 10000
queries: 100
setup: 0.399109
preproc: 2.690519
compute: 0.423194