inputs: 1000
queries: 10
setup: 0.402958
preproc: 2.151028
compute: 0.036185