inputs: 1000
queries: 10
setup: 11.816813
preproc: 0.321231
compute: 0.128588