inputs: 1000
queries: 10
setup: 0.405948
preproc: 0.890888
compute: 0.003611