inputs: 10000
queries: 100
setup: 0.398106
preproc: 0.941647
compute: 0.003899