inputs: 1000
queries: 10
setup: 0.393222
preproc: 2.148880
compute: 0.399422