inputs: 10000
queries: 100
setup: 0.395772
preproc: 0.451413
compute: 0.133404