inputs: 10000
queries: 1000
setup: 0.392086
preproc: 0.438663
compute: 0.131983