inputs: 10000
queries: 1000
setup: 0.397219
preproc: 0.523632
compute: 0.692340