inputs: 1000
queries: 10
setup: 0.371096
preproc: 0.002454
compute: 0.424159