inputs: 10000
queries: 100
setup: 0.391075
preproc: 2.765858
compute: 0.418060