inputs: 1000
queries: 10
setup: 0.422006
preproc: 0.409888
compute: 0.361079