inputs: 1000
queries: 10
setup: 0.062431
preproc: 0.004154
compute: 0.003108