inputs: 1000
queries: 10
setup: 0.060874
preproc: 0.003870
compute: 0.002831