inputs: 1000
queries: 10
setup: 0.413374
preproc: 1.276007
compute: 0.416434