inputs: 1000
queries: 10
setup: 3.522343
preproc: 2.066077
compute: 0.012610