inputs: 10000
queries: 1000
setup: 0.062052
preproc: 0.013649
compute: 0.014126