inputs: 1000
queries: 10
setup: 0.376870
preproc: 0.313284
compute: 0.328740