inputs: 1000
queries: 10
setup: 0.409122
preproc: 0.422177
compute: 0.423775