inputs: 10000
queries: 100
setup: 0.061993
preproc: 0.014267
compute: 0.006571