inputs: 10000
queries: 100
setup: 0.392027
preproc: 0.456309
compute: 0.353888