inputs: 1000
queries: 10
setup: 0.398878
preproc: 1.486880
compute: 0.403920