inputs: 10000
queries: 1000
setup: 0.406785
preproc: 0.968016
compute: 0.007802