inputs: 10000
queries: 1000
setup: 0.400169
preproc: 0.952501
compute: 0.007387