inputs: 10000
queries: 1000
setup: 0.392419
preproc: 0.451576
compute: 0.354654