inputs: 5000
queries: 50
setup: 0.399413
preproc: 0.453773
compute: 0.406298