inputs: 10000
queries: 100
setup: 0.386401
preproc: 2.746461
compute: 0.406086