inputs: 10000
queries: 100
setup: 0.388211
preproc: 0.442434
compute: 0.129400