inputs: 1000
queries: 10
setup: 0.387332
preproc: 0.328225
compute: 0.331933