inputs: 5000
queries: 50
setup: 0.397089
preproc: 2.365399
compute: 0.410971