inputs: 1000
queries: 10
setup: 0.403687
preproc: 0.346234
compute: 0.356494