inputs: 10000
queries: 100
setup: 0.436985
preproc: 22.938465
compute: 0.442844