inputs: 10000
queries: 1000
setup: 0.392188
preproc: 0.438128
compute: 0.133514