inputs: 10000
queries: 1000
setup: 0.408999
preproc: 2.013400
compute: 0.018182