inputs: 1000
queries: 10
setup: 0.411108
preproc: 0.924166
compute: 0.003471