inputs: 1000
queries: 10
setup: 0.392002
preproc: 0.396816
compute: 0.397897