inputs: 1000
queries: 10
setup: 0.388446
preproc: 0.385958
compute: 0.401860