inputs: 10000
queries: 100
setup: 0.397951
preproc: 2.800976
compute: 0.424147