inputs: 10000
queries: 100
setup: 0.403567
preproc: 0.510944
compute: 0.425503