inputs: 10000
queries: 1000
setup: 0.415923
preproc: 0.478665
compute: 0.140537