inputs: 1000
queries: 10
setup: 0.398943
preproc: 0.002931
compute: 0.348502