inputs: 1000
queries: 10
setup: 2.301365
preproc: 1.069336
compute: 0.036608