inputs: 5000
queries: 50
setup: 0.402819
preproc: 0.915866
compute: 0.003682