inputs: 10000
queries: 1000
setup: 0.391056
preproc: 0.448163
compute: 0.352051