inputs: 1000
queries: 10
setup: 0.404319
preproc: 0.336573
compute: 0.339011