inputs: 1000
queries: 10
setup: 0.398567
preproc: 1.010268
compute: 0.014989