inputs: 5000
queries: 50
setup: 0.388481
preproc: 2.390101
compute: 0.226531