inputs: 1000
queries: 10
setup: 3.506996
preproc: 2.145781
compute: 0.013259