inputs: 1000
queries: 10
setup: 0.059420
preproc: 0.003730
compute: 0.002746