inputs: 1000
queries: 10
setup: 0.431048
preproc: 0.425185
compute: 0.132730