inputs: 10000
queries: 1000
setup: 0.384748
preproc: 2.667448
compute: 0.412963