inputs: 10000
queries: 100
setup: 0.388973
preproc: 2.783149
compute: 0.410905