inputs: 5000
queries: 50
setup: 0.409900
preproc: 1.011438
compute: 0.014898