inputs: 1000
queries: 10
setup: 0.435949
preproc: 1.010362
compute: 0.013970