inputs: 10000
queries: 100
setup: 0.395084
preproc: 0.487031
compute: 0.651376