inputs: 10000
queries: 100
setup: 0.399604
preproc: 1.010310
compute: 0.013564