inputs: 1000
queries: 10
setup: 0.404257
preproc: 1.074770
compute: 0.036361