inputs: 5000
queries: 50
setup: 0.398465
preproc: 0.427908
compute: 0.479063