inputs: 10000
queries: 100
setup: 0.391019
preproc: 0.506907
compute: 0.419813