inputs: 10000
queries: 1000
setup: 0.386108
preproc: 0.509535
compute: 0.693446