inputs: 1000
queries: 10
setup: 2.111700
preproc: 1.063331
compute: 0.036546