inputs: 1000
queries: 10
setup: 0.391048
preproc: 1.057103
compute: 0.036168