inputs: 1000
queries: 10
setup: 14.463084
preproc: 0.004062
compute: 0.002863