inputs: 5000
queries: 50
setup: 0.051135
preproc: 0.008667
compute: 0.003348