inputs: 1000
queries: 10
setup: 0.405204
preproc: 0.321142
compute: 0.339652