inputs: 1000
queries: 10
setup: 0.383647
preproc: 0.002915
compute: 0.394169