inputs: 1000
queries: 10
setup: 0.412680
preproc: 0.890643
compute: 0.003880