inputs: 10000
queries: 100
setup: 0.391690
preproc: 1.690966
compute: 0.153922