inputs: 10000
queries: 100
setup: 0.392266
preproc: 2.734583
compute: 0.415664