inputs: 1000
queries: 10
setup: 0.400271
preproc: 0.882781
compute: 0.003649