inputs: 5000
queries: 50
setup: 0.407471
preproc: 0.003068
compute: 0.578309