inputs: 1000
queries: 10
setup: 0.394617
preproc: 0.394284
compute: 0.360770