inputs: 1000
queries: 10
setup: 0.388213
preproc: 1.067505
compute: 0.036035