inputs: 1000
queries: 10
setup: 0.410079
preproc: 1.103510
compute: 0.038540