inputs: 10000
queries: 100
setup: 0.388652
preproc: 0.439902
compute: 0.345731