inputs: 10000
queries: 100
setup: 0.388412
preproc: 2.702099
compute: 0.402660