inputs: 10000
queries: 100
setup: 0.391075
preproc: 2.681007
compute: 0.399062