inputs: 10000
queries: 100
setup: 0.391422
preproc: 0.439755
compute: 0.348164