inputs: 1000
queries: 10
setup: 0.407920
preproc: 0.002993
compute: 0.355651