inputs: 5000
queries: 50
setup: 0.394384
preproc: 2.393991
compute: 0.412112