inputs: 10000
queries: 100
setup: 0.399534
preproc: 1.010525
compute: 0.013899