inputs: 1000
queries: 10
setup: 0.407633
preproc: 0.414260
compute: 0.136621