inputs: 1000
queries: 10
setup: 0.062422
preproc: 0.003773
compute: 0.002811