inputs: 1000
queries: 10
setup: 0.375899
preproc: 0.410327
compute: 0.429199