inputs: 1000
queries: 10
setup: 3.794871
preproc: 2.060263
compute: 0.013271