inputs: 10000
queries: 100
setup: 0.423627
preproc: 2.013634
compute: 0.015436