inputs: 1000
queries: 10
setup: 0.378229
preproc: 0.312889
compute: 0.331041