inputs: 1000
queries: 10
setup: 0.405323
preproc: 1.010267
compute: 0.012987