inputs: 10000
queries: 100
setup: 0.396990
preproc: 2.749861
compute: 0.418209