inputs: 10000
queries: 100
setup: 0.396422
preproc: 1.713586
compute: 0.153053