inputs: 1000
queries: 10
setup: 0.411942
preproc: 0.409148
compute: 0.430152