inputs: 1000
queries: 10
setup: 0.392572
preproc: 0.002970
compute: 0.336969