inputs: 10000
queries: 1000
setup: 0.386902
preproc: 23.371076
compute: 0.888684