inputs: 1000
queries: 10
setup: 0.063179
preproc: 0.003878
compute: 0.002814