inputs: 10000
queries: 100
setup: 0.396939
preproc: 1.010489
compute: 0.013186