inputs: 10000
queries: 100
setup: 0.395109
preproc: 0.473525
compute: 0.648074