inputs: 1000
queries: 10
setup: 0.387359
preproc: 1.179686
compute: 0.388371