inputs: 10000
queries: 1000
setup: 0.406187
preproc: 1.744046
compute: 0.176841