inputs: 5000
queries: 50
setup: 0.051118
preproc: 0.009773
compute: 0.003229