inputs: 5000
queries: 50
setup: 0.410072
preproc: 1.010351
compute: 0.014090