inputs: 10000
queries: 1000
setup: 0.386643
preproc: 2.713168
compute: 0.489488