inputs: 1000
queries: 10
setup: 0.368588
preproc: 0.002398
compute: 0.329139