inputs: 10000
queries: 1000
setup: 0.385996
preproc: 0.510032
compute: 0.676534