inputs: 10000
queries: 1000
setup: 0.061270
preproc: 0.013602
compute: 0.013588