inputs: 1000
queries: 10
setup: 2.133895
preproc: 1.134562
compute: 0.038011