inputs: 10000
queries: 1000
setup: 0.395750
preproc: 0.448882
compute: 0.135342