inputs: 5000
queries: 50
setup: 0.387985
preproc: 2.392372
compute: 0.222274