inputs: 10000
queries: 100
setup: 0.411516
preproc: 0.542795
compute: 0.459128