inputs: 1000
queries: 10
setup: 0.059950
preproc: 0.003950
compute: 0.002766