inputs: 10000
queries: 1000
setup: 0.388222
preproc: 0.492095
compute: 2.784501