inputs: 10000
queries: 100
setup: 0.059906
preproc: 0.013354
compute: 0.005451