inputs: 1000
queries: 10
setup: 0.384881
preproc: 0.325013
compute: 0.322524