inputs: 1000
queries: 10
setup: 0.386509
preproc: 0.393691
compute: 0.383218