inputs: 10000
queries: 100
setup: 0.399296
preproc: 0.003468
compute: 0.754463