inputs: 1000
queries: 10
setup: 0.397922
preproc: 0.402819
compute: 0.341451