inputs: 1000
queries: 10
setup: 0.384982
preproc: 0.324720
compute: 0.326668