inputs: 5000
queries: 50
setup: 0.397423
preproc: 1.381146
compute: 0.223254