inputs: 1000
queries: 10
setup: 0.391775
preproc: 0.331598
compute: 0.315422