inputs: 10000
queries: 100
setup: 0.391068
preproc: 2.751063
compute: 0.419642