inputs: 1000
queries: 10
setup: 0.387997
preproc: 2.135967
compute: 0.386796