inputs: 10000
queries: 1000
setup: 0.403497
preproc: 0.498137
compute: 2.793622