inputs: 1000
queries: 10
setup: 0.392216
preproc: 0.390061
compute: 0.346434