inputs: 10000
queries: 100
setup: 0.387872
preproc: 0.459517
compute: 0.626661