inputs: 5000
queries: 50
setup: 0.418007
preproc: 0.453155
compute: 0.134727