inputs: 1000
queries: 10
setup: 0.390111
preproc: 0.324792
compute: 0.314779