inputs: 10000
queries: 1000
setup: 0.369200
preproc: 0.521928
compute: 0.656375