inputs: 10000
queries: 1000
setup: 0.400475
preproc: 0.484306
compute: 2.679355