inputs: 10000
queries: 100
setup: 0.416214
preproc: 0.480945
compute: 0.135299