inputs: 1000
queries: 10
setup: 0.389054
preproc: 2.184205
compute: 0.036528