inputs: 1000
queries: 10
setup: 0.408260
preproc: 1.010682
compute: 0.013759