inputs: 1000
queries: 10
setup: 0.409584
preproc: 2.222334
compute: 0.038262