inputs: 10000
queries: 1000
setup: 0.359867
preproc: 0.430694
compute: 0.342835