inputs: 5000
queries: 50
setup: 0.362485
preproc: 0.002630
compute: 0.506920