inputs: 1000
queries: 10
setup: 12.439084
preproc: 0.325572
compute: 0.128750