inputs: 10000
queries: 1000
setup: 0.416724
preproc: 0.475641
compute: 0.371940