inputs: 10000
queries: 1000
setup: 0.062571
preproc: 0.013711
compute: 0.013607