inputs: 10000
queries: 100
setup: 0.384267
preproc: 2.693250
compute: 0.397235