inputs: 10000
queries: 1000
setup: 0.413559
preproc: 2.013486
compute: 0.018339