inputs: 1000
queries: 10
setup: 0.402476
preproc: 2.181971
compute: 0.397366