inputs: 10000
queries: 1000
setup: 0.421386
preproc: 2.013702
compute: 0.018322