inputs: 10000
queries: 100
setup: 0.410060
preproc: 1.778198
compute: 0.157072