inputs: 10000
queries: 1000
setup: 0.385186
preproc: 1.674939
compute: 0.169572