inputs: 10000
queries: 100
setup: 0.389759
preproc: 1.697436
compute: 0.151159