inputs: 1000
queries: 10
setup: 0.398276
preproc: 0.002787
compute: 0.408050