inputs: 1000
queries: 10
setup: 0.407992
preproc: 0.894299
compute: 0.003948