inputs: 1000
queries: 10
setup: 0.396444
preproc: 0.397900
compute: 0.409067