inputs: 5000
queries: 50
setup: 0.395446
preproc: 0.433469
compute: 0.491811