inputs: 5000
queries: 50
setup: 0.390734
preproc: 0.407444
compute: 0.340904