inputs: 5000
queries: 50
setup: 0.409705
preproc: 0.940217
compute: 0.003980