inputs: 10000
queries: 100
setup: 0.393938
preproc: 0.451207
compute: 0.132387