inputs: 10000
queries: 100
setup: 0.382964
preproc: 2.661803
compute: 0.453993