inputs: 1000
queries: 10
setup: 0.394886
preproc: 1.234459
compute: 0.380543