inputs: 10000
queries: 100
setup: 0.385866
preproc: 0.461874
compute: 0.634367