inputs: 5000
queries: 50
setup: 0.412051
preproc: 1.398241
compute: 0.226050