inputs: 10000
queries: 1000
setup: 0.385967
preproc: 2.764627
compute: 0.492285