inputs: 10000
queries: 100
setup: 0.405832
preproc: 0.490912
compute: 0.654177