inputs: 5000
queries: 50
setup: 0.384790
preproc: 2.402989
compute: 0.218810