inputs: 10000
queries: 100
setup: 0.061736
preproc: 0.013577
compute: 0.005813