inputs: 10000
queries: 1000
setup: 0.362184
preproc: 2.466006
compute: 0.466613