inputs: 5000
queries: 50
setup: 0.403743
preproc: 0.003226
compute: 0.555329