inputs: 1000
queries: 10
setup: 0.397394
preproc: 0.328333
compute: 0.318318