inputs: 10000
queries: 1000
setup: 0.384171
preproc: 1.691002
compute: 0.170187