inputs: 10000
queries: 1000
setup: 0.388156
preproc: 0.003067
compute: 3.583249