inputs: 10000
queries: 100
setup: 0.414113
preproc: 1.011614
compute: 0.003907