inputs: 1000
queries: 10
setup: 0.396981
preproc: 0.386767
compute: 0.347646