inputs: 1000
queries: 10
setup: 0.376671
preproc: 0.309734
compute: 0.318787