inputs: 1000
queries: 10
setup: 3.589642
preproc: 2.067915
compute: 0.013720