inputs: 5000
queries: 50
setup: 0.400939
preproc: 1.010154
compute: 0.013100