inputs: 1000
queries: 10
setup: 0.380956
preproc: 0.002848
compute: 0.332703