inputs: 1000
queries: 10
setup: 0.387577
preproc: 1.191867
compute: 0.382718