inputs: 1000
queries: 10
setup: 0.392545
preproc: 0.002946
compute: 0.336671