inputs: 5000
queries: 50
setup: 0.424183
preproc: 2.449300
compute: 0.226801