inputs: 10000
queries: 1000
setup: 0.061510
preproc: 0.013633
compute: 0.013904