inputs: 10000
queries: 1000
setup: 0.387700
preproc: 1.716780
compute: 0.171000