inputs: 1000
queries: 10
setup: 0.387402
preproc: 1.136231
compute: 0.392676