inputs: 10000
queries: 1000
setup: 0.401859
preproc: 0.456365
compute: 0.348104