inputs: 5000
queries: 50
setup: 0.384501
preproc: 0.002798
compute: 0.520859