inputs: 1000
queries: 10
setup: 3.928894
preproc: 2.124593
compute: 0.012914