inputs: 1000
queries: 10
setup: 0.410657
preproc: 0.408168
compute: 0.397976