inputs: 1000
queries: 10
setup: 0.061101
preproc: 0.005080
compute: 0.003028