inputs: 10000
queries: 1000
setup: 0.402706
preproc: 0.986454
compute: 0.007925