inputs: 10000
queries: 100
setup: 0.385471
preproc: 0.465608
compute: 0.629272