inputs: 1000
queries: 10
setup: 2.407343
preproc: 1.074815
compute: 0.035671