inputs: 1000
queries: 10
setup: 0.387064
preproc: 2.248084
compute: 0.392615