inputs: 10000
queries: 1000
setup: 0.389507
preproc: 2.680085
compute: 0.427535