inputs: 5000
queries: 50
setup: 0.384251
preproc: 0.418242
compute: 0.473258