inputs: 1000
queries: 10
setup: 0.388394
preproc: 2.115981
compute: 0.036613