inputs: 1000
queries: 10
setup: 0.389165
preproc: 2.186995
compute: 0.391556