inputs: 5000
queries: 50
setup: 0.387929
preproc: 7.501468
compute: 0.411953