inputs: 10000
queries: 100
setup: 0.403819
preproc: 2.835737
compute: 0.435648