inputs: 5000
queries: 50
setup: 0.421301
preproc: 0.951992
compute: 0.004369