inputs: 1000
queries: 10
setup: 0.397145
preproc: 0.385505
compute: 0.350450