inputs: 1000
queries: 10
setup: 12.053836
preproc: 0.337391
compute: 0.129964