inputs: 10000
queries: 100
setup: 0.403483
preproc: 0.957144
compute: 0.003923