inputs: 10000
queries: 100
setup: 0.059907
preproc: 0.013333
compute: 0.005454