inputs: 1000
queries: 10
setup: 0.414068
preproc: 0.429171
compute: 0.441811