inputs: 10000
queries: 1000
setup: 0.386038
preproc: 0.462857
compute: 2.780724