inputs: 5000
queries: 50
setup: 0.360762
preproc: 0.437511
compute: 0.389067