inputs: 1000
queries: 10
setup: 4.060834
preproc: 2.089594
compute: 0.012589