inputs: 10000
queries: 1000
setup: 0.393103
preproc: 0.522349
compute: 0.698662