inputs: 5000
queries: 50
setup: 0.422401
preproc: 0.456470
compute: 0.376881