inputs: 1000
queries: 10
setup: 11.200260
preproc: 0.313175
compute: 0.127957