inputs: 10000
queries: 100
setup: 0.390680
preproc: 0.466643
compute: 0.629828