inputs: 1000
queries: 10
setup: 0.384114
preproc: 0.002810
compute: 0.335361