inputs: 1000
queries: 10
setup: 3.349090
preproc: 2.207878
compute: 0.012579