inputs: 1000
queries: 10
setup: 2.092942
preproc: 1.073278
compute: 0.036675