inputs: 1000
queries: 10
setup: 0.392069
preproc: 2.168189
compute: 0.396388