inputs: 10000
queries: 100
setup: 0.392233
preproc: 0.461702
compute: 0.349780