inputs: 1000
queries: 10
setup: 0.389754
preproc: 0.391077
compute: 0.382911