inputs: 1000
queries: 10
setup: 0.392959
preproc: 2.190596
compute: 0.399739