inputs: 5000
queries: 50
setup: 0.396039
preproc: 0.420360
compute: 0.348457