inputs: 1000
queries: 10
setup: 2.345979
preproc: 1.119597
compute: 0.037586