inputs: 10000
queries: 100
setup: 0.410026
preproc: 2.888386
compute: 0.440743