inputs: 10000
queries: 100
setup: 0.387094
preproc: 0.470890
compute: 0.629769