inputs: 1000
queries: 10
setup: 0.383645
preproc: 0.002737
compute: 0.326958