inputs: 1000
queries: 10
setup: 0.364051
preproc: 0.382280
compute: 0.337475