inputs: 5000
queries: 50
setup: 0.389161
preproc: 2.472520
compute: 0.401995