inputs: 10000
queries: 1000
setup: 0.392077
preproc: 0.460046
compute: 0.138693