inputs: 1000
queries: 10
setup: 12.731290
preproc: 0.347006
compute: 0.133421