inputs: 1000
queries: 10
setup: 0.411134
preproc: 0.356722
compute: 0.360495