inputs: 10000
queries: 1000
setup: 0.400985
preproc: 0.940667
compute: 0.007007