inputs: 10000
queries: 1000
setup: 0.423273
preproc: 0.483381
compute: 2.825473