inputs: 5000
queries: 50
setup: 0.402000
preproc: 1.010534
compute: 0.013401