inputs: 10000
queries: 1000
setup: 0.412205
preproc: 2.851146
compute: 0.526549