inputs: 10000
queries: 1000
setup: 0.387800
preproc: 0.468735
compute: 2.813594