inputs: 1000
queries: 10
setup: 0.406092
preproc: 0.405925
compute: 0.345787