inputs: 1000
queries: 10
setup: 0.391300
preproc: 0.002775
compute: 0.337102