inputs: 1000
queries: 10
setup: 0.398603
preproc: 2.194967
compute: 0.037217