inputs: 1000
queries: 10
setup: 12.491701
preproc: 0.003964
compute: 0.002770