inputs: 1000
queries: 10
setup: 6.903975
preproc: 0.003975
compute: 0.002797