inputs: 10000
queries: 100
setup: 0.357801
preproc: 0.002520
compute: 0.706081