inputs: 1000
queries: 10
setup: 0.395606
preproc: 0.391727
compute: 0.408115