inputs: 10000
queries: 100
setup: 0.391404
preproc: 0.466181
compute: 0.627487