inputs: 10000
queries: 1000
setup: 0.422803
preproc: 0.515707
compute: 2.821294