inputs: 5000
queries: 50
setup: 0.391472
preproc: 2.400894
compute: 0.406657