inputs: 1000
queries: 10
setup: 0.403781
preproc: 0.342999
compute: 0.343767