inputs: 1000
queries: 10
setup: 0.396934
preproc: 0.411560
compute: 0.400284