inputs: 1000
queries: 10
setup: 0.427380
preproc: 1.897664
compute: 0.433885