inputs: 5000
queries: 50
setup: 0.383922
preproc: 0.002986
compute: 0.563012