inputs: 1000
queries: 10
setup: 0.389168
preproc: 1.081352
compute: 0.036862