inputs: 5000
queries: 50
setup: 0.408986
preproc: 1.010596
compute: 0.014141