inputs: 1000
queries: 10
setup: 0.436150
preproc: 2.248494
compute: 0.428031