inputs: 1000
queries: 10
setup: 0.391628
preproc: 2.131437
compute: 0.401486