inputs: 5000
queries: 50
setup: 0.061613
preproc: 0.009473
compute: 0.004174