inputs: 1000
queries: 10
setup: 0.386974
preproc: 0.393467
compute: 0.340306