inputs: 1000
queries: 10
setup: 3.946990
preproc: 2.048481
compute: 0.012654