inputs: 1000
queries: 10
setup: 0.405312
preproc: 1.191463
compute: 0.395774