inputs: 1000
queries: 10
setup: 0.387028
preproc: 2.143237
compute: 0.036316