inputs: 10000
queries: 100
setup: 0.360379
preproc: 1.550709
compute: 0.153592