inputs: 10000
queries: 1000
setup: 0.388094
preproc: 0.468884
compute: 2.821059