inputs: 10000
queries: 1000
setup: 0.411297
preproc: 2.795906
compute: 0.492141