inputs: 1000
queries: 10
setup: 0.387371
preproc: 2.111561
compute: 0.384183