inputs: 5000
queries: 50
setup: 0.411184
preproc: 1.010767
compute: 0.014207