inputs: 1000
queries: 10
setup: 0.424042
preproc: 2.158657
compute: 0.396019