inputs: 1000
queries: 10
setup: 3.622137
preproc: 2.070302
compute: 0.012812