inputs: 1000
queries: 10
setup: 0.390476
preproc: 1.134108
compute: 0.386729