inputs: 1000
queries: 10
setup: 0.414853
preproc: 0.429963
compute: 0.426511