inputs: 10000
queries: 1000
setup: 0.062400
preproc: 0.013900
compute: 0.014109