inputs: 10000
queries: 100
setup: 0.426642
preproc: 2.013647
compute: 0.014583