inputs: 1000
queries: 10
setup: 0.391524
preproc: 2.151745
compute: 0.036141