inputs: 5000
queries: 50
setup: 0.411308
preproc: 0.439440
compute: 0.495046