inputs: 10000
queries: 100
setup: 0.402541
preproc: 2.772799
compute: 0.418193