inputs: 10000
queries: 1000
setup: 0.405484
preproc: 1.010135
compute: 0.016831