inputs: 1000
queries: 10
setup: 0.379328
preproc: 0.003824
compute: 0.345022