inputs: 5000
queries: 50
setup: 0.397561
preproc: 0.428452
compute: 0.481275