inputs: 10000
queries: 100
setup: 0.399069
preproc: 0.947982
compute: 0.003647