inputs: 5000
queries: 50
setup: 0.413188
preproc: 1.010494
compute: 0.013819