inputs: 10000
queries: 100
setup: 0.420080
preproc: 1.011082
compute: 0.004404