inputs: 1000
queries: 10
setup: 0.062973
preproc: 0.003992
compute: 0.002735