inputs: 1000
queries: 10
setup: 0.402272
preproc: 0.401063
compute: 0.128717