inputs: 10000
queries: 1000
setup: 0.418372
preproc: 0.468397
compute: 0.141398