inputs: 10000
queries: 1000
setup: 0.413229
preproc: 1.757758
compute: 0.175691