inputs: 10000
queries: 100
setup: 0.060435
preproc: 0.013315
compute: 0.005935