inputs: 10000
queries: 1000
setup: 0.425939
preproc: 0.465862
compute: 0.137326