inputs: 10000
queries: 1000
setup: 0.391772
preproc: 22.530832
compute: 0.908559