inputs: 1000
queries: 10
setup: 0.392845
preproc: 0.002851
compute: 0.328496