inputs: 1000
queries: 10
setup: 8.376669
preproc: 0.003909
compute: 0.002805