inputs: 10000
queries: 1000
setup: 0.060555
preproc: 0.013539
compute: 0.013638