inputs: 10000
queries: 100
setup: 0.393253
preproc: 0.470625
compute: 0.639379