inputs: 10000
queries: 100
setup: 0.423509
preproc: 0.003174
compute: 0.780266