inputs: 5000
queries: 50
setup: 0.420925
preproc: 0.469507
compute: 0.413487