inputs: 5000
queries: 50
setup: 0.397288
preproc: 1.010222
compute: 0.013312