inputs: 5000
queries: 50
setup: 0.394799
preproc: 2.390774
compute: 0.425131