inputs: 10000
queries: 100
setup: 0.418361
preproc: 0.003162
compute: 0.806914