inputs: 10000
queries: 100
setup: 0.421108
preproc: 0.508050
compute: 0.673095