inputs: 10000
queries: 1000
setup: 0.385946
preproc: 1.679067
compute: 0.170524