inputs: 5000
queries: 50
setup: 0.387925
preproc: 1.316060
compute: 0.218981