inputs: 1000
queries: 10
setup: 0.385929
preproc: 1.079133
compute: 0.377004