inputs: 10000
queries: 100
setup: 0.412467
preproc: 1.774096
compute: 0.160118