inputs: 1000
queries: 10
setup: 0.358201
preproc: 0.945998
compute: 0.032236