inputs: 10000
queries: 1000
setup: 0.385988
preproc: 1.683551
compute: 0.169472