inputs: 1000
queries: 10
setup: 0.430231
preproc: 2.265653
compute: 0.420028