inputs: 5000
queries: 50
setup: 0.391401
preproc: 2.407499
compute: 0.411683