inputs: 5000
queries: 50
setup: 0.387884
preproc: 0.003005
compute: 0.527035