inputs: 10000
queries: 100
setup: 0.388394
preproc: 1.723657
compute: 0.152493