inputs: 10000
queries: 1000
setup: 0.386449
preproc: 0.002915
compute: 3.564590