inputs: 5000
queries: 50
setup: 0.386872
preproc: 0.002953
compute: 0.537647