inputs: 1000
queries: 10
setup: 0.432716
preproc: 2.239885
compute: 0.037675