inputs: 10000
queries: 1000
setup: 0.399941
preproc: 2.693979
compute: 0.431266