inputs: 10000
queries: 100
setup: 0.385110
preproc: 2.766646
compute: 0.421737