inputs: 1000
queries: 10
setup: 0.382088
preproc: 0.322987
compute: 0.330466