inputs: 10000
queries: 1000
setup: 0.361380
preproc: 1.555614
compute: 0.167393