inputs: 1000
queries: 10
setup: 0.385751
preproc: 1.191319
compute: 0.381402