inputs: 10000
queries: 100
setup: 0.392446
preproc: 0.443943
compute: 0.352251