inputs: 1000
queries: 10
setup: 0.396882
preproc: 0.002890
compute: 0.351687