inputs: 1000
queries: 10
setup: 13.601141
preproc: 0.004179
compute: 0.002921