inputs: 10000
queries: 1000
setup: 0.398318
preproc: 2.661911
compute: 0.433217