inputs: 5000
queries: 50
setup: 0.384422
preproc: 2.346944
compute: 0.411564