inputs: 1000
queries: 10
setup: 0.403330
preproc: 0.346043
compute: 0.363759