inputs: 10000
queries: 100
setup: 0.364079
preproc: 0.896803
compute: 0.003648