inputs: 1000
queries: 10
setup: 0.402948
preproc: 0.394755
compute: 0.337154