inputs: 10000
queries: 1000
setup: 0.385805
preproc: 0.501830
compute: 0.665011