inputs: 1000
queries: 10
setup: 0.356606
preproc: 0.378415
compute: 0.393049