inputs: 10000
queries: 100
setup: 0.452443
preproc: 23.311326
compute: 0.456273