inputs: 1000
queries: 10
setup: 0.385300
preproc: 2.089339
compute: 0.036028