inputs: 1000
queries: 10
setup: 0.412695
preproc: 2.205990
compute: 0.420876