inputs: 1000
queries: 10
setup: 0.386230
preproc: 0.328909
compute: 0.328648