inputs: 1000
queries: 10
setup: 0.404513
preproc: 2.207927
compute: 0.397443