inputs: 10000
queries: 100
setup: 0.392783
preproc: 0.449892
compute: 0.347157