inputs: 5000
queries: 50
setup: 0.401629
preproc: 7.365428
compute: 0.415869