inputs: 5000
queries: 50
setup: 0.390492
preproc: 1.336293
compute: 0.221986