inputs: 1000
queries: 10
setup: 0.399367
preproc: 0.332941
compute: 0.329566