inputs: 5000
queries: 50
setup: 0.394912
preproc: 0.418898
compute: 0.129674