inputs: 5000
queries: 50
setup: 0.373904
preproc: 2.082396
compute: 0.211594