inputs: 1000
queries: 10
setup: 0.386521
preproc: 0.394055
compute: 0.377740