inputs: 5000
queries: 50
setup: 0.387604
preproc: 7.720097
compute: 0.399344