inputs: 1000
queries: 10
setup: 3.430949
preproc: 2.071453
compute: 0.014161