inputs: 5000
queries: 50
setup: 0.387516
preproc: 2.408813
compute: 0.222839