inputs: 10000
queries: 1000
setup: 0.397276
preproc: 2.792438
compute: 0.500592