inputs: 10000
queries: 1000
setup: 0.390800
preproc: 2.795475
compute: 0.483427