inputs: 10000
queries: 100
setup: 0.357604
preproc: 0.459034
compute: 0.612077