inputs: 1000
queries: 10
setup: 0.399904
preproc: 0.398294
compute: 0.409843