inputs: 1000
queries: 10
setup: 0.396239
preproc: 2.186238
compute: 0.036634