inputs: 10000
queries: 1000
setup: 0.417201
preproc: 0.479178
compute: 0.141099