inputs: 1000
queries: 10
setup: 0.425358
preproc: 0.960289
compute: 0.003872