inputs: 1000
queries: 10
setup: 0.406811
preproc: 0.888907
compute: 0.003662