inputs: 10000
queries: 100
setup: 0.391904
preproc: 0.003125
compute: 0.763978