inputs: 10000
queries: 1000
setup: 0.387887
preproc: 0.002899
compute: 3.568695