inputs: 10000
queries: 1000
setup: 0.388091
preproc: 23.826132
compute: 0.871246