inputs: 10000
queries: 100
setup: 0.428302
preproc: 0.499658
compute: 0.378411