inputs: 1000
queries: 10
setup: 0.414506
preproc: 2.264862
compute: 0.428736