inputs: 5000
queries: 50
setup: 0.397233
preproc: 0.429576
compute: 0.495221