inputs: 10000
queries: 100
setup: 0.421193
preproc: 2.790997
compute: 0.443115