inputs: 1000
queries: 10
setup: 0.391729
preproc: 2.198443
compute: 0.037457