inputs: 1000
queries: 10
setup: 0.394772
preproc: 1.061849
compute: 0.037021