inputs: 1000
queries: 10
setup: 0.421167
preproc: 2.147589
compute: 0.036670