inputs: 1000
queries: 10
setup: 0.380194
preproc: 1.005694
compute: 0.035850