inputs: 1000
queries: 10
setup: 0.394852
preproc: 0.378668
compute: 0.125047