inputs: 5000
queries: 50
setup: 0.423242
preproc: 0.452530
compute: 0.129972