inputs: 5000
queries: 50
setup: 0.386665
preproc: 0.439068
compute: 0.397353