inputs: 1000
queries: 10
setup: 0.423813
preproc: 0.933434
compute: 0.003913