inputs: 5000
queries: 50
setup: 0.395419
preproc: 0.454177
compute: 0.418723