inputs: 1000
queries: 10
setup: 0.356388
preproc: 0.375582
compute: 0.376691