inputs: 1000
queries: 10
setup: 0.389174
preproc: 0.412500
compute: 0.401475