inputs: 1000
queries: 10
setup: 0.393258
preproc: 0.404023
compute: 0.346595