inputs: 1000
queries: 10
setup: 0.371481
preproc: 0.835473
compute: 0.003631