inputs: 1000
queries: 10
setup: 0.389570
preproc: 0.322952
compute: 0.333971