inputs: 5000
queries: 50
setup: 0.423368
preproc: 2.484424
compute: 0.441465