inputs: 1000
queries: 10
setup: 0.416888
preproc: 2.281690
compute: 0.037002