inputs: 1000
queries: 10
setup: 0.390385
preproc: 0.324133
compute: 0.325994