inputs: 10000
queries: 100
setup: 0.384142
preproc: 22.870370
compute: 0.434994