inputs: 10000
queries: 100
setup: 0.390999
preproc: 2.727835
compute: 0.403305