inputs: 1000
queries: 10
setup: 0.386246
preproc: 2.125144
compute: 0.388086