inputs: 10000
queries: 100
setup: 0.389624
preproc: 22.869339
compute: 0.446382