inputs: 1000
queries: 10
setup: 0.422788
preproc: 1.531070
compute: 0.040245