inputs: 1000
queries: 10
setup: 0.392278
preproc: 0.392251
compute: 0.392069