inputs: 10000
queries: 1000
setup: 0.398735
preproc: 0.003088
compute: 3.609676