inputs: 1000
queries: 10
setup: 0.390622
preproc: 0.002823
compute: 0.419815