inputs: 10000
queries: 100
setup: 0.405064
preproc: 0.452778
compute: 0.133313