inputs: 1000
queries: 10
setup: 0.395800
preproc: 1.010116
compute: 0.012500