inputs: 5000
queries: 50
setup: 0.394045
preproc: 2.432975
compute: 0.411480