inputs: 10000
queries: 1000
setup: 0.410731
preproc: 2.772754
compute: 0.473974