inputs: 1000
queries: 10
setup: 0.389315
preproc: 1.187065
compute: 0.371680