inputs: 1000
queries: 10
setup: 0.390264
preproc: 2.161056
compute: 0.385203