inputs: 1000
queries: 10
setup: 0.372141
preproc: 0.004158
compute: 0.329400