inputs: 1000
queries: 10
setup: 0.419877
preproc: 0.905789
compute: 0.003936