inputs: 10000
queries: 1000
setup: 0.407671
preproc: 0.003010
compute: 3.619577