inputs: 1000
queries: 10
setup: 2.514544
preproc: 0.845825
compute: 0.039541