inputs: 5000
queries: 50
setup: 0.059515
preproc: 0.008115
compute: 0.003735