inputs: 1000
queries: 10
setup: 0.422045
preproc: 1.011161
compute: 0.013447