inputs: 1000
queries: 10
setup: 0.393149
preproc: 2.098089
compute: 0.036207