inputs: 10000
queries: 1000
setup: 0.395602
preproc: 0.450303
compute: 0.135473