inputs: 10000
queries: 1000
setup: 0.405515
preproc: 0.945521
compute: 0.007143