inputs: 1000
queries: 10
setup: 18.856755
preproc: 0.003829
compute: 0.002828