inputs: 10000
queries: 100
setup: 0.421347
preproc: 0.508184
compute: 0.696332