inputs: 5000
queries: 50
setup: 0.390175
preproc: 1.256634
compute: 0.211599