inputs: 1000
queries: 10
setup: 0.396206
preproc: 1.077006
compute: 0.037122