inputs: 1000
queries: 10
setup: 0.413233
preproc: 0.003045
compute: 0.444754