inputs: 1000
queries: 10
setup: 0.412012
preproc: 2.157478
compute: 0.435112