inputs: 10000
queries: 100
setup: 0.387788
preproc: 2.684683
compute: 0.402247