inputs: 1000
queries: 10
setup: 0.387035
preproc: 2.167247
compute: 0.389086