inputs: 1000
queries: 10
setup: 0.062347
preproc: 0.004198
compute: 0.002847