inputs: 10000
queries: 1000
setup: 0.353831
preproc: 0.450082
compute: 2.506747