inputs: 10000
queries: 100
setup: 0.401634
preproc: 1.010512
compute: 0.013570