inputs: 10000
queries: 100
setup: 0.384858
preproc: 0.504256
compute: 0.419574