inputs: 10000
queries: 1000
setup: 0.065086
preproc: 0.013531
compute: 0.013488