inputs: 1000
queries: 10
setup: 0.400344
preproc: 0.338813
compute: 0.355112