inputs: 10000
queries: 1000
setup: 0.390506
preproc: 2.777309
compute: 0.503882