inputs: 1000
queries: 10
setup: 0.407902
preproc: 0.422407
compute: 0.401140