inputs: 10000
queries: 100
setup: 0.409779
preproc: 0.956885
compute: 0.003696