inputs: 5000
queries: 50
setup: 0.398840
preproc: 1.010318
compute: 0.013543