inputs: 1000
queries: 10
setup: 0.405449
preproc: 2.178773
compute: 0.407477