inputs: 10000
queries: 100
setup: 0.404244
preproc: 0.453092
compute: 0.134004