inputs: 10000
queries: 100
setup: 0.407770
preproc: 1.743433
compute: 0.156633