inputs: 1000
queries: 10
setup: 0.373847
preproc: 0.308422
compute: 0.316871