inputs: 1000
queries: 10
setup: 0.383343
preproc: 0.390657
compute: 0.389776