inputs: 1000
queries: 10
setup: 0.397488
preproc: 0.884752
compute: 0.003645