inputs: 10000
queries: 1000
setup: 0.383909
preproc: 2.701724
compute: 0.482220