inputs: 10000
queries: 100
setup: 0.388446
preproc: 0.461329
compute: 0.630708