inputs: 1000
queries: 10
setup: 0.412230
preproc: 0.912862
compute: 0.004342