inputs: 1000
queries: 10
setup: 0.389293
preproc: 0.381575
compute: 0.126797