inputs: 1000
queries: 10
setup: 3.383352
preproc: 2.127350
compute: 0.013003