inputs: 5000
queries: 50
setup: 0.393022
preproc: 0.412683
compute: 0.353022