inputs: 10000
queries: 1000
setup: 0.409653
preproc: 0.459378
compute: 2.777571