inputs: 10000
queries: 100
setup: 0.399975
preproc: 0.943607
compute: 0.003678