inputs: 10000
queries: 1000
setup: 0.402894
preproc: 1.849177
compute: 0.187137