inputs: 1000
queries: 10
setup: 12.724164
preproc: 0.003919
compute: 0.002786