inputs: 10000
queries: 100
setup: 0.399743
preproc: 2.712363
compute: 0.421220