inputs: 1000
queries: 10
setup: 10.208256
preproc: 0.004749
compute: 0.002954