inputs: 1000
queries: 10
setup: 0.410691
preproc: 1.011460
compute: 0.014689