inputs: 10000
queries: 1000
setup: 0.065131
preproc: 0.013311
compute: 0.013590