inputs: 5000
queries: 50
setup: 0.401739
preproc: 0.918358
compute: 0.003762