inputs: 10000
queries: 1000
setup: 0.395137
preproc: 1.008601
compute: 0.015906