inputs: 1000
queries: 10
setup: 3.402245
preproc: 2.098474
compute: 0.012879