inputs: 1000
queries: 10
setup: 0.391203
preproc: 0.388835
compute: 0.356426