inputs: 1000
queries: 10
setup: 0.418208
preproc: 0.396058
compute: 0.371975