inputs: 1000
queries: 10
setup: 0.404053
preproc: 0.879980
compute: 0.004156