inputs: 10000
queries: 100
setup: 0.414503
preproc: 0.496939
compute: 0.650441