inputs: 1000
queries: 10
setup: 0.063669
preproc: 0.003766
compute: 0.002792