inputs: 10000
queries: 1000
setup: 0.392414
preproc: 0.513878
compute: 0.680151