inputs: 10000
queries: 1000
setup: 0.400496
preproc: 2.706000
compute: 0.428642