inputs: 1000
queries: 10
setup: 2.128334
preproc: 1.066978
compute: 0.037082