inputs: 10000
queries: 1000
setup: 0.402215
preproc: 0.450628
compute: 0.135407