inputs: 5000
queries: 50
setup: 0.415730
preproc: 0.454591
compute: 0.517640