inputs: 1000
queries: 10
setup: 0.403059
preproc: 0.398925
compute: 0.386887