inputs: 5000
queries: 50
setup: 0.426330
preproc: 2.452199
compute: 0.224393