inputs: 10000
queries: 100
setup: 0.366285
preproc: 0.897227
compute: 0.003434