inputs: 1000
queries: 10
setup: 0.390005
preproc: 0.386708
compute: 0.396881