inputs: 1000
queries: 10
setup: 0.387530
preproc: 1.187444
compute: 0.379511