inputs: 10000
queries: 1000
setup: 0.397223
preproc: 0.474052
compute: 2.847249