inputs: 1000
queries: 10
setup: 0.416761
preproc: 2.225222
compute: 0.426957