inputs: 1000
queries: 10
setup: 0.403103
preproc: 0.389205
compute: 0.396653