inputs: 1000
queries: 10
setup: 0.400300
preproc: 1.205362
compute: 0.403034