inputs: 1000
queries: 10
setup: 0.388462
preproc: 2.127218
compute: 0.036211