inputs: 5000
queries: 50
setup: 0.393361
preproc: 0.431756
compute: 0.490866