inputs: 10000
queries: 1000
setup: 0.396342
preproc: 0.003259
compute: 3.437738