inputs: 10000
queries: 1000
setup: 0.390875
preproc: 0.444347
compute: 0.134370