inputs: 10000
queries: 1000
setup: 0.395523
preproc: 2.688600
compute: 0.421478