inputs: 1000
queries: 10
setup: 0.375159
preproc: 1.012981
compute: 0.014709