inputs: 1000
queries: 10
setup: 0.360043
preproc: 0.937482
compute: 0.033211