inputs: 5000
queries: 50
setup: 0.390513
preproc: 0.425527
compute: 0.484750