inputs: 1000
queries: 10
setup: 0.385800
preproc: 0.381823
compute: 0.344415