inputs: 1000
queries: 10
setup: 0.392086
preproc: 2.167333
compute: 0.401204