inputs: 5000
queries: 50
setup: 0.387864
preproc: 0.427371
compute: 0.484935