inputs: 5000
queries: 50
setup: 0.400855
preproc: 1.010634
compute: 0.013736