inputs: 1000
queries: 10
setup: 0.395463
preproc: 1.214194
compute: 0.392922