inputs: 1000
queries: 10
setup: 0.409137
preproc: 1.259722
compute: 0.414365