inputs: 1000
queries: 10
setup: 0.393576
preproc: 0.399209
compute: 0.392255