inputs: 5000
queries: 50
setup: 0.391098
preproc: 2.364525
compute: 0.392927