inputs: 1000
queries: 10
setup: 0.388473
preproc: 0.384400
compute: 0.339689