inputs: 1000
queries: 10
setup: 0.383948
preproc: 0.323582
compute: 0.332072