inputs: 10000
queries: 1000
setup: 0.388603
preproc: 0.503193
compute: 0.669066