inputs: 10000
queries: 1000
setup: 0.384864
preproc: 2.623439
compute: 0.415038