inputs: 10000
queries: 1000
setup: 0.405618
preproc: 0.513029
compute: 2.909284