inputs: 10000
queries: 1000
setup: 0.390474
preproc: 0.443495
compute: 0.355110