inputs: 10000
queries: 1000
setup: 0.385780
preproc: 2.745894
compute: 0.503770