inputs: 1000
queries: 10
setup: 0.383528
preproc: 1.175376
compute: 0.386789