inputs: 1000
queries: 10
setup: 0.421546
preproc: 2.231276
compute: 0.038191