inputs: 1000
queries: 10
setup: 0.050632
preproc: 0.004067
compute: 0.002266