inputs: 1000
queries: 10
setup: 0.405352
preproc: 0.417774
compute: 0.361553