inputs: 1000
queries: 10
setup: 0.349565
preproc: 0.003103
compute: 0.341845