inputs: 1000
queries: 10
setup: 0.393069
preproc: 1.179619
compute: 0.397669