inputs: 1000
queries: 10
setup: 3.080871
preproc: 1.061526
compute: 0.036369