inputs: 5000
queries: 50
setup: 0.441638
preproc: 2.013808
compute: 0.014183