inputs: 1000
queries: 10
setup: 0.400765
preproc: 2.193507
compute: 0.407918