inputs: 1000
queries: 10
setup: 9.518043
preproc: 0.354661
compute: 0.142427