inputs: 1000
queries: 10
setup: 0.384698
preproc: 0.321695
compute: 0.312008