inputs: 5000
queries: 50
setup: 0.406359
preproc: 0.442191
compute: 0.513604