inputs: 10000
queries: 100
setup: 0.395305
preproc: 0.450276
compute: 0.130223