inputs: 1000
queries: 10
setup: 0.383283
preproc: 1.161833
compute: 0.377076