inputs: 10000
queries: 1000
setup: 0.384095
preproc: 0.502940
compute: 0.678813