inputs: 1000
queries: 10
setup: 0.386285
preproc: 0.409300
compute: 0.128560