inputs: 1000
queries: 10
setup: 0.428363
preproc: 0.980733
compute: 0.004074