inputs: 10000
queries: 1000
setup: 0.407157
preproc: 2.766881
compute: 0.466542