inputs: 10000
queries: 100
setup: 0.402591
preproc: 2.055784
compute: 0.419606