inputs: 10000
queries: 1000
setup: 0.389650
preproc: 2.676747
compute: 0.423746