inputs: 10000
queries: 1000
setup: 0.388452
preproc: 23.208241
compute: 0.908172