inputs: 5000
queries: 50
setup: 0.389740
preproc: 1.354917
compute: 0.227696