inputs: 1000
queries: 10
setup: 0.391096
preproc: 0.387913
compute: 0.351416