inputs: 1000
queries: 10
setup: 0.405855
preproc: 1.096255
compute: 0.036574