inputs: 1000
queries: 10
setup: 0.379699
preproc: 0.312554
compute: 0.317774