inputs: 1000
queries: 10
setup: 0.403451
preproc: 0.400780
compute: 0.392921