inputs: 1000
queries: 10
setup: 0.405204
preproc: 0.405582
compute: 0.392781