inputs: 10000
queries: 1000
setup: 0.441124
preproc: 2.891685
compute: 0.529418