inputs: 1000
queries: 10
setup: 2.133848
preproc: 1.080283
compute: 0.036854