inputs: 1000
queries: 10
setup: 0.390497
preproc: 2.164154
compute: 0.036103