inputs: 1000
queries: 10
setup: 0.411882
preproc: 0.349413
compute: 0.352510