inputs: 1000
queries: 10
setup: 0.360187
preproc: 1.253906
compute: 0.377968