inputs: 10000
queries: 1000
setup: 0.393144
preproc: 23.324495
compute: 0.915441