inputs: 1000
queries: 10
setup: 3.637439
preproc: 2.067119
compute: 0.012163