inputs: 1000
queries: 10
setup: 0.405334
preproc: 0.404053
compute: 0.421292