inputs: 1000
queries: 10
setup: 3.575343
preproc: 2.094928
compute: 0.013298