inputs: 10000
queries: 1000
setup: 0.407130
preproc: 0.003170
compute: 3.684939