inputs: 10000
queries: 100
setup: 0.397506
preproc: 1.010087
compute: 0.013208