inputs: 10000
queries: 100
setup: 0.417429
preproc: 0.513399
compute: 0.670747