inputs: 1000
queries: 10
setup: 0.355982
preproc: 1.816694
compute: 0.381573