inputs: 5000
queries: 50
setup: 0.408790
preproc: 0.003173
compute: 0.548257