inputs: 1000
queries: 10
setup: 0.380680
preproc: 1.160236
compute: 0.383742