inputs: 5000
queries: 50
setup: 0.387412
preproc: 0.443663
compute: 0.395543