inputs: 1000
queries: 10
setup: 0.423689
preproc: 0.928392
compute: 0.003877