inputs: 1000
queries: 10
setup: 0.400183
preproc: 2.232554
compute: 0.418883