inputs: 1000
queries: 10
setup: 0.379440
preproc: 0.316423
compute: 0.318954