inputs: 1000
queries: 10
setup: 0.409877
preproc: 0.386451
compute: 0.343842