inputs: 1000
queries: 10
setup: 0.406150
preproc: 0.396224
compute: 0.347103