inputs: 5000
queries: 50
setup: 0.061362
preproc: 0.008382
compute: 0.003818