inputs: 10000
queries: 1000
setup: 0.060813
preproc: 0.013205
compute: 0.013492