inputs: 5000
queries: 50
setup: 0.385472
preproc: 0.444276
compute: 0.400408