inputs: 10000
queries: 100
setup: 0.397842
preproc: 1.010202
compute: 0.013290