inputs: 10000
queries: 1000
setup: 0.391687
preproc: 1.781428
compute: 0.183611