inputs: 1000
queries: 10
setup: 0.391213
preproc: 0.004166
compute: 0.371901