inputs: 1000
queries: 10
setup: 1.948532
preproc: 0.940568
compute: 0.033396