inputs: 10000
queries: 1000
setup: 0.410177
preproc: 1.779836
compute: 0.181358