inputs: 5000
queries: 50
setup: 0.408514
preproc: 0.418331
compute: 0.354467