inputs: 1000
queries: 10
setup: 0.384854
preproc: 1.117684
compute: 0.381877