inputs: 10000
queries: 1000
setup: 0.391672
preproc: 0.511965
compute: 0.683411