inputs: 1000
queries: 10
setup: 0.390626
preproc: 0.320502
compute: 0.310975