inputs: 10000
queries: 100
setup: 0.403946
preproc: 0.461744
compute: 0.363006