inputs: 1000
queries: 10
setup: 0.406281
preproc: 1.011228
compute: 0.014065