inputs: 10000
queries: 1000
setup: 0.387573
preproc: 0.002988
compute: 3.620155