inputs: 10000
queries: 100
setup: 0.435375
preproc: 0.497823
compute: 0.142762