inputs: 1000
queries: 10
setup: 0.397293
preproc: 0.872758
compute: 0.003667