inputs: 1000
queries: 10
setup: 0.403651
preproc: 2.202276
compute: 0.037671