inputs: 10000
queries: 100
setup: 0.060014
preproc: 0.013443
compute: 0.005581