inputs: 1000
queries: 10
setup: 0.066067
preproc: 0.004615
compute: 0.003223