inputs: 1000
queries: 10
setup: 11.162561
preproc: 0.323879
compute: 0.126006