inputs: 1000
queries: 10
setup: 0.395166
preproc: 2.159889
compute: 0.036169