inputs: 1000
queries: 10
setup: 0.364093
preproc: 0.378972
compute: 0.341809