inputs: 10000
queries: 100
setup: 0.403444
preproc: 0.521647
compute: 0.435263