inputs: 1000
queries: 10
setup: 0.384963
preproc: 1.115804
compute: 0.381309