inputs: 10000
queries: 100
setup: 0.415640
preproc: 0.982702
compute: 0.004158