inputs: 10000
queries: 1000
setup: 0.389775
preproc: 0.438723
compute: 0.140835