inputs: 10000
queries: 1000
setup: 0.402112
preproc: 1.727825
compute: 0.174096