inputs: 1000
queries: 10
setup: 0.400933
preproc: 0.390819
compute: 0.132146