inputs: 5000
queries: 50
setup: 0.387369
preproc: 1.322281
compute: 0.220122