inputs: 1000
queries: 10
setup: 0.062810
preproc: 0.003914
compute: 0.002729