inputs: 10000
queries: 100
setup: 0.388139
preproc: 0.505735
compute: 0.415179