inputs: 5000
queries: 50
setup: 0.414206
preproc: 2.456209
compute: 0.448157