inputs: 1000
queries: 10
setup: 0.409485
preproc: 0.906878
compute: 0.003655