inputs: 1000
queries: 10
setup: 0.832586
preproc: 0.003786
compute: 0.335418