inputs: 1000
queries: 10
setup: 0.395989
preproc: 0.385926
compute: 0.399136