inputs: 1000
queries: 10
setup: 0.413683
preproc: 0.901869
compute: 0.003870