inputs: 10000
queries: 1000
setup: 0.384776
preproc: 23.881436
compute: 0.859124