inputs: 10000
queries: 100
setup: 0.052987
preproc: 0.015337
compute: 0.005406