inputs: 1000
queries: 10
setup: 0.390224
preproc: 2.128286
compute: 0.396216