inputs: 1000
queries: 10
setup: 0.397119
preproc: 0.396982
compute: 0.394632