inputs: 1000
queries: 10
setup: 0.403711
preproc: 0.406507
compute: 0.128277