inputs: 1000
queries: 10
setup: 0.060715
preproc: 0.003906
compute: 0.002844