inputs: 5000
queries: 50
setup: 0.387609
preproc: 2.385459
compute: 0.224171