inputs: 10000
queries: 100
setup: 0.409492
preproc: 2.013237
compute: 0.014012