inputs: 1000
queries: 10
setup: 0.359916
preproc: 1.853802
compute: 0.384902