inputs: 10000
queries: 100
setup: 0.390130
preproc: 0.002990
compute: 0.758290