inputs: 1000
queries: 10
setup: 0.412363
preproc: 2.136832
compute: 0.420940