inputs: 10000
queries: 100
setup: 0.061940
preproc: 0.013558
compute: 0.005544