inputs: 10000
queries: 1000
setup: 0.365728
preproc: 0.466285
compute: 2.522121