inputs: 10000
queries: 1000
setup: 0.388797
preproc: 0.002914
compute: 3.549810