inputs: 1000
queries: 10
setup: 0.389189
preproc: 0.380355
compute: 0.124694