inputs: 10000
queries: 1000
setup: 0.394410
preproc: 0.518953
compute: 0.609717