inputs: 10000
queries: 1000
setup: 0.399965
preproc: 1.010552
compute: 0.016538