inputs: 1000
queries: 10
setup: 0.385653
preproc: 0.401376
compute: 0.388395