inputs: 10000
queries: 100
setup: 0.390735
preproc: 2.717733
compute: 0.443567