inputs: 5000
queries: 50
setup: 0.417761
preproc: 1.010610
compute: 0.014852