inputs: 10000
queries: 1000
setup: 0.051193
preproc: 0.015084
compute: 0.012031