inputs: 1000
queries: 10
setup: 0.417455
preproc: 2.236805
compute: 0.038138