inputs: 5000
queries: 50
setup: 0.396037
preproc: 0.424157
compute: 0.361559