inputs: 10000
queries: 1000
setup: 0.060186
preproc: 0.013693
compute: 0.013915