inputs: 1000
queries: 10
setup: 3.101201
preproc: 2.056005
compute: 0.011163