inputs: 1000
queries: 10
setup: 0.386306
preproc: 0.328045
compute: 0.322393