inputs: 1000
queries: 10
setup: 0.394402
preproc: 0.322069
compute: 0.318461