inputs: 5000
queries: 50
setup: 0.398120
preproc: 1.010361
compute: 0.012943