inputs: 10000
queries: 100
setup: 0.400777
preproc: 1.766042
compute: 0.152563