inputs: 5000
queries: 50
setup: 0.388344
preproc: 0.432239
compute: 0.481250