inputs: 1000
queries: 10
setup: 0.383903
preproc: 0.412976
compute: 0.410399