inputs: 1000
queries: 10
setup: 0.384876
preproc: 0.334746
compute: 0.329658