inputs: 1000
queries: 10
setup: 0.392324
preproc: 0.378849
compute: 0.347224