inputs: 1000
queries: 10
setup: 0.382981
preproc: 0.004453
compute: 0.350849