inputs: 10000
queries: 1000
setup: 0.397198
preproc: 0.453886
compute: 0.354773