inputs: 5000
queries: 50
setup: 0.411655
preproc: 0.425407
compute: 0.352179