inputs: 1000
queries: 10
setup: 12.539976
preproc: 0.003823
compute: 0.002737