inputs: 1000
queries: 10
setup: 0.387037
preproc: 1.098947
compute: 0.037002