inputs: 10000
queries: 100
setup: 0.410250
preproc: 22.391824
compute: 0.440397