inputs: 10000
queries: 1000
setup: 0.392807
preproc: 22.642069
compute: 0.902284