inputs: 10000
queries: 1000
setup: 0.061106
preproc: 0.013504
compute: 0.013730