inputs: 5000
queries: 50
setup: 0.363373
preproc: 0.402088
compute: 0.123011