inputs: 1000
queries: 10
setup: 0.407990
preproc: 0.896248
compute: 0.003743