inputs: 5000
queries: 50
setup: 0.382476
preproc: 1.330197
compute: 0.216207