inputs: 1000
queries: 10
setup: 0.387948
preproc: 0.395684
compute: 0.383636