inputs: 1000
queries: 10
setup: 0.388536
preproc: 0.002796
compute: 0.403722