inputs: 10000
queries: 1000
setup: 0.400693
preproc: 23.116843
compute: 0.811002