inputs: 10000
queries: 1000
setup: 0.388197
preproc: 2.722179
compute: 0.492435