inputs: 1000
queries: 10
setup: 0.066050
preproc: 0.004478
compute: 0.003027