inputs: 10000
queries: 1000
setup: 0.354820
preproc: 0.502982
compute: 0.642072