inputs: 10000
queries: 1000
setup: 0.363122
preproc: 27.074868
compute: 0.859009