inputs: 1000
queries: 10
setup: 0.388842
preproc: 2.159075
compute: 0.036671