inputs: 1000
queries: 10
setup: 0.404102
preproc: 0.347305
compute: 0.359211