inputs: 1000
queries: 10
setup: 0.390978
preproc: 2.200727
compute: 0.404473