inputs: 1000
queries: 10
setup: 4.142255
preproc: 2.106637
compute: 0.013033