inputs: 5000
queries: 50
setup: 0.408248
preproc: 2.434247
compute: 0.434352