inputs: 1000
queries: 10
setup: 3.309576
preproc: 1.075974
compute: 0.037476