inputs: 10000
queries: 100
setup: 0.395378
preproc: 1.705620
compute: 0.153529