inputs: 10000
queries: 100
setup: 0.420691
preproc: 0.477653
compute: 0.373519