inputs: 5000
queries: 50
setup: 0.058962
preproc: 0.008225
compute: 0.003762