inputs: 1000
queries: 10
setup: 0.379982
preproc: 0.313550
compute: 0.325519