inputs: 10000
queries: 100
setup: 0.399651
preproc: 2.061024
compute: 0.421746