inputs: 1000
queries: 10
setup: 0.081630
preproc: 0.004400
compute: 0.003910