inputs: 1000
queries: 10
setup: 11.702063
preproc: 0.315315
compute: 0.125201