inputs: 10000
queries: 100
setup: 0.393439
preproc: 2.745515
compute: 0.426248