inputs: 1000
queries: 10
setup: 0.402434
preproc: 1.072655
compute: 0.035953