inputs: 1000
queries: 10
setup: 16.147025
preproc: 0.003936
compute: 0.002797