inputs: 1000
queries: 10
setup: 12.011187
preproc: 0.003949
compute: 0.002702