inputs: 1000
queries: 10
setup: 0.396368
preproc: 2.224015
compute: 0.037670