inputs: 5000
queries: 50
setup: 0.409508
preproc: 2.499917
compute: 0.449933