inputs: 10000
queries: 1000
setup: 0.392423
preproc: 1.687583
compute: 0.170755