inputs: 5000
queries: 50
setup: 0.059514
preproc: 0.008576
compute: 0.003830