inputs: 1000
queries: 10
setup: 0.421710
preproc: 2.253193
compute: 0.439325