inputs: 10000
queries: 1000
setup: 0.389562
preproc: 1.688664
compute: 0.171306