inputs: 10000
queries: 100
setup: 0.393909
preproc: 0.481145
compute: 0.641742