inputs: 10000
queries: 100
setup: 0.388040
preproc: 1.717013
compute: 0.156055