inputs: 10000
queries: 1000
setup: 0.389688
preproc: 2.755889
compute: 0.494765