inputs: 10000
queries: 100
setup: 0.404297
preproc: 0.448633
compute: 0.129523