inputs: 10000
queries: 100
setup: 0.395188
preproc: 0.003034
compute: 0.770647