inputs: 1000
queries: 10
setup: 0.377883
preproc: 0.325437
compute: 0.321787