inputs: 1000
queries: 10
setup: 0.378187
preproc: 0.325997
compute: 0.325111