inputs: 10000
queries: 1000
setup: 0.394430
preproc: 0.455724
compute: 0.135627