inputs: 10000
queries: 100
setup: 0.396149
preproc: 23.065635
compute: 0.441621