inputs: 10000
queries: 1000
setup: 0.415893
preproc: 0.495677
compute: 2.851124