inputs: 1000
queries: 10
setup: 0.399321
preproc: 1.067533
compute: 0.036438