inputs: 10000
queries: 100
setup: 0.410913
preproc: 2.013489
compute: 0.013695