inputs: 10000
queries: 1000
setup: 0.420243
preproc: 2.776750
compute: 0.442858