inputs: 10000
queries: 100
setup: 0.392777
preproc: 22.487556
compute: 0.451836