inputs: 1000
queries: 10
setup: 0.401188
preproc: 0.882456
compute: 0.003604