inputs: 1000
queries: 10
setup: 0.405038
preproc: 1.008680
compute: 0.013626