inputs: 10000
queries: 1000
setup: 0.430955
preproc: 1.015974
compute: 0.008041