inputs: 1000
queries: 10
setup: 0.399229
preproc: 2.092957
compute: 0.402251