inputs: 1000
queries: 10
setup: 0.400589
preproc: 0.880240
compute: 0.003714