inputs: 10000
queries: 100
setup: 0.413213
preproc: 23.197367
compute: 0.485133