inputs: 10000
queries: 100
setup: 0.386948
preproc: 0.437886
compute: 0.128524