inputs: 1000
queries: 10
setup: 0.395407
preproc: 1.931476
compute: 0.445361