inputs: 10000
queries: 1000
setup: 0.404779
preproc: 0.481736
compute: 2.860047