inputs: 1000
queries: 10
setup: 0.359408
preproc: 1.874975
compute: 0.033535