inputs: 10000
queries: 1000
setup: 0.391741
preproc: 0.471238
compute: 2.801570