inputs: 10000
queries: 100
setup: 0.385539
preproc: 2.814305
compute: 0.408695