inputs: 10000
queries: 1000
setup: 0.388125
preproc: 23.208461
compute: 0.883811