inputs: 5000
queries: 50
setup: 0.394696
preproc: 1.010585
compute: 0.012876