inputs: 10000
queries: 1000
setup: 0.397670
preproc: 1.010432
compute: 0.016760