inputs: 1000
queries: 10
setup: 0.405499
preproc: 0.342833
compute: 0.354349