inputs: 10000
queries: 100
setup: 0.059424
preproc: 0.013262
compute: 0.005433