inputs: 1000
queries: 10
setup: 0.414244
preproc: 0.421937
compute: 0.374275