inputs: 1000
queries: 10
setup: 0.395247
preproc: 2.180449
compute: 0.405791