inputs: 10000
queries: 100
setup: 0.395993
preproc: 2.724438
compute: 0.416269