inputs: 10000
queries: 1000
setup: 0.385429
preproc: 0.002987
compute: 3.569264