inputs: 1000
queries: 10
setup: 0.361283
preproc: 1.815913
compute: 0.384686