inputs: 1000
queries: 10
setup: 0.409115
preproc: 0.003149
compute: 0.418819