inputs: 1000
queries: 10
setup: 3.318788
preproc: 2.119889
compute: 0.012552