inputs: 10000
queries: 1000
setup: 0.393506
preproc: 0.512744
compute: 0.690201