inputs: 10000
queries: 100
setup: 0.406073
preproc: 2.575085
compute: 0.461818