inputs: 1000
queries: 10
setup: 0.400739
preproc: 0.003234
compute: 0.367025