inputs: 1000
queries: 10
setup: 0.389748
preproc: 0.410202
compute: 0.388485