inputs: 1000
queries: 10
setup: 0.374198
preproc: 0.311049
compute: 0.320664