inputs: 1000
queries: 10
setup: 11.503104
preproc: 0.322456
compute: 0.127950