inputs: 1000
queries: 10
setup: 11.946219
preproc: 0.348774
compute: 0.125180