inputs: 1000
queries: 10
setup: 3.657927
preproc: 2.058070
compute: 0.013633