inputs: 10000
queries: 1000
setup: 0.062857
preproc: 0.013111
compute: 0.013428