inputs: 10000
queries: 1000
setup: 0.392376
preproc: 1.712238
compute: 0.171378