inputs: 1000
queries: 10
setup: 0.400244
preproc: 0.352520
compute: 0.341685