inputs: 1000
queries: 10
setup: 0.415199
preproc: 0.003148
compute: 0.428780