inputs: 1000
queries: 10
setup: 0.393316
preproc: 0.002987
compute: 0.344374