inputs: 1000
queries: 10
setup: 3.667689
preproc: 2.070122
compute: 0.011629