inputs: 5000
queries: 50
setup: 0.399469
preproc: 1.010474
compute: 0.013764