inputs: 10000
queries: 100
setup: 0.058792
preproc: 0.013190
compute: 0.005415