inputs: 10000
queries: 1000
setup: 0.406437
preproc: 1.987205
compute: 0.429845