inputs: 10000
queries: 1000
setup: 0.367633
preproc: 1.007881
compute: 0.015489