inputs: 1000
queries: 10
setup: 0.391636
preproc: 0.389750
compute: 0.404458