inputs: 10000
queries: 1000
setup: 0.391732
preproc: 0.450010
compute: 0.135537