inputs: 10000
queries: 1000
setup: 0.383530
preproc: 22.812910
compute: 0.900191