inputs: 1000
queries: 10
setup: 0.393461
preproc: 0.384066
compute: 0.337202