inputs: 10000
queries: 1000
setup: 0.388332
preproc: 2.823328
compute: 0.494873