inputs: 5000
queries: 50
setup: 0.386164
preproc: 0.418274
compute: 0.470572