inputs: 5000
queries: 50
setup: 0.393372
preproc: 2.393092
compute: 0.405572