inputs: 5000
queries: 50
setup: 0.373147
preproc: 0.002436
compute: 0.509173