inputs: 10000
queries: 100
setup: 0.427490
preproc: 1.015299
compute: 0.004221