inputs: 1000
queries: 10
setup: 0.401424
preproc: 2.141600
compute: 0.409466