inputs: 10000
queries: 100
setup: 0.379141
preproc: 0.505484
compute: 0.416885