inputs: 10000
queries: 1000
setup: 0.063633
preproc: 0.013319
compute: 0.013597