inputs: 10000
queries: 100
setup: 0.420234
preproc: 0.503925
compute: 0.659999