inputs: 1000
queries: 10
setup: 0.385020
preproc: 0.379262
compute: 0.393724