inputs: 1000
queries: 10
setup: 0.391227
preproc: 0.453693
compute: 0.128068