inputs: 1000
queries: 10
setup: 11.994319
preproc: 0.332791
compute: 0.136787