inputs: 5000
queries: 50
setup: 0.409457
preproc: 8.012747
compute: 0.419662