inputs: 10000
queries: 1000
setup: 0.387655
preproc: 0.440948
compute: 0.349747