inputs: 10000
queries: 1000
setup: 0.407692
preproc: 0.495163
compute: 2.874310