inputs: 1000
queries: 10
setup: 0.387557
preproc: 2.225430
compute: 0.036097