inputs: 10000
queries: 1000
setup: 0.389664
preproc: 0.501324
compute: 0.688021