inputs: 1000
queries: 10
setup: 0.395003
preproc: 1.173701
compute: 0.405434