inputs: 1000
queries: 10
setup: 0.390804
preproc: 0.380464
compute: 0.339155