inputs: 1000
queries: 10
setup: 0.400030
preproc: 0.869142
compute: 0.003607