inputs: 1000
queries: 10
setup: 0.387824
preproc: 0.384475
compute: 0.375447