inputs: 10000
queries: 1000
setup: 0.370497
preproc: 26.236294
compute: 0.844909