inputs: 5000
queries: 50
setup: 0.388493
preproc: 2.409894
compute: 0.220125