inputs: 1000
queries: 10
setup: 0.411463
preproc: 0.424190
compute: 0.413026