inputs: 10000
queries: 1000
setup: 0.386692
preproc: 22.664460
compute: 0.898496