inputs: 10000
queries: 1000
setup: 0.438617
preproc: 1.044247
compute: 0.008052