inputs: 10000
queries: 1000
setup: 0.406235
preproc: 0.975567
compute: 0.007950