inputs: 10000
queries: 1000
setup: 0.401633
preproc: 0.451945
compute: 0.359257