inputs: 1000
queries: 10
setup: 0.401120
preproc: 1.010148
compute: 0.013168