inputs: 1000
queries: 10
setup: 3.959812
preproc: 2.084230
compute: 0.012487