inputs: 10000
queries: 100
setup: 0.404519
preproc: 0.964679
compute: 0.003674