inputs: 1000
queries: 10
setup: 3.454602
preproc: 2.077608
compute: 0.012852