inputs: 1000
queries: 10
setup: 0.409345
preproc: 0.888351
compute: 0.003963