inputs: 10000
queries: 100
setup: 0.397100
preproc: 0.441813
compute: 0.129373