inputs: 1000
queries: 10
setup: 0.378753
preproc: 0.325268
compute: 0.328257