inputs: 1000
queries: 10
setup: 0.383832
preproc: 1.054118
compute: 0.035886