inputs: 10000
queries: 100
setup: 0.407780
preproc: 0.958502
compute: 0.003587