inputs: 1000
queries: 10
setup: 0.416384
preproc: 2.201315
compute: 0.442220