inputs: 5000
queries: 50
setup: 0.415224
preproc: 1.361717
compute: 0.227741