inputs: 1000
queries: 10
setup: 0.368340
preproc: 0.842736
compute: 0.003041