inputs: 10000
queries: 1000
setup: 0.393122
preproc: 0.470749
compute: 2.796660