inputs: 1000
queries: 10
setup: 0.365350
preproc: 0.378987
compute: 0.379475