inputs: 1000
queries: 10
setup: 0.398107
preproc: 1.059059
compute: 0.393210