inputs: 10000
queries: 100
setup: 0.365197
preproc: 0.457927
compute: 0.594542