inputs: 10000
queries: 100
setup: 0.397705
preproc: 0.520287
compute: 0.687653