inputs: 10000
queries: 100
setup: 0.394598
preproc: 1.708649
compute: 0.152561