inputs: 10000
queries: 100
setup: 0.390802
preproc: 0.446670
compute: 0.353331