inputs: 10000
queries: 1000
setup: 0.064415
preproc: 0.013026
compute: 0.013492