inputs: 10000
queries: 100
setup: 0.400915
preproc: 0.485892
compute: 0.655856