inputs: 10000
queries: 1000
setup: 0.059471
preproc: 0.013292
compute: 0.013691