inputs: 5000
queries: 50
setup: 0.429902
preproc: 0.490676
compute: 0.534521