inputs: 10000
queries: 100
setup: 0.390022
preproc: 2.721298
compute: 0.406605