inputs: 10000
queries: 100
setup: 0.408503
preproc: 0.964618
compute: 0.003876