inputs: 1000
queries: 10
setup: 0.391867
preproc: 0.392181
compute: 0.348135