inputs: 1000
queries: 10
setup: 0.401545
preproc: 0.343036
compute: 0.353347