inputs: 1000
queries: 10
setup: 0.061201
preproc: 0.003977
compute: 0.002962