inputs: 10000
queries: 1000
setup: 0.421213
preproc: 0.970751
compute: 0.008349