inputs: 10000
queries: 100
setup: 0.408456
preproc: 0.472360
compute: 0.359157