inputs: 1000
queries: 10
setup: 0.401165
preproc: 1.010498
compute: 0.012762