inputs: 1000
queries: 10
setup: 0.407937
preproc: 0.877183
compute: 0.003804