inputs: 10000
queries: 100
setup: 0.397511
preproc: 2.049692
compute: 0.421795