inputs: 5000
queries: 50
setup: 0.393368
preproc: 2.397250
compute: 0.220955