inputs: 1000
queries: 10
setup: 11.614916
preproc: 0.322510
compute: 0.127239