inputs: 10000
queries: 100
setup: 0.387227
preproc: 1.710677
compute: 0.152891