inputs: 1000
queries: 10
setup: 0.387778
preproc: 2.159455
compute: 0.038061