inputs: 1000
queries: 10
setup: 0.396455
preproc: 2.179657
compute: 0.401074