inputs: 1000
queries: 10
setup: 0.385558
preproc: 2.106921
compute: 0.393595