inputs: 5000
queries: 50
setup: 0.399956
preproc: 0.441058
compute: 0.497296