inputs: 10000
queries: 1000
setup: 0.387699
preproc: 1.698066
compute: 0.169470