inputs: 10000
queries: 1000
setup: 0.385062
preproc: 2.636883
compute: 0.420455