inputs: 1000
queries: 10
setup: 12.044419
preproc: 0.003764
compute: 0.002727