inputs: 1000
queries: 10
setup: 0.416132
preproc: 2.193259
compute: 0.392266