inputs: 10000
queries: 100
setup: 0.389130
preproc: 0.511287
compute: 0.431857