inputs: 1000
queries: 10
setup: 0.393046
preproc: 1.192315
compute: 0.405025