inputs: 10000
queries: 1000
setup: 0.413611
preproc: 2.013840
compute: 0.018551