inputs: 5000
queries: 50
setup: 0.403587
preproc: 1.389266
compute: 0.226784