inputs: 1000
queries: 10
setup: 0.386870
preproc: 0.387051
compute: 0.395840