inputs: 1000
queries: 10
setup: 0.420074
preproc: 0.919833
compute: 0.003752