inputs: 1000
queries: 10
setup: 0.406816
preproc: 0.418827
compute: 0.455204