inputs: 10000
queries: 1000
setup: 0.388780
preproc: 22.711755
compute: 0.904187