inputs: 1000
queries: 10
setup: 0.406551
preproc: 1.010268
compute: 0.012932