inputs: 10000
queries: 100
setup: 0.412946
preproc: 2.013617
compute: 0.014163