inputs: 10000
queries: 100
setup: 0.409056
preproc: 1.801752
compute: 0.159069