inputs: 5000
queries: 50
setup: 0.422913
preproc: 2.013923
compute: 0.015201