inputs: 10000
queries: 1000
setup: 0.388188
preproc: 0.441942
compute: 0.353198