inputs: 10000
queries: 1000
setup: 0.389400
preproc: 0.463303
compute: 2.817542