inputs: 1000
queries: 10
setup: 0.421059
preproc: 0.351330
compute: 0.323118