inputs: 5000
queries: 50
setup: 0.062007
preproc: 0.008590
compute: 0.004085