inputs: 5000
queries: 50
setup: 0.383833
preproc: 2.410533
compute: 0.395258