inputs: 5000
queries: 50
setup: 0.397739
preproc: 0.416384
compute: 0.344990