inputs: 1000
queries: 10
setup: 0.397359
preproc: 0.331585
compute: 0.339271