inputs: 5000
queries: 50
setup: 0.417621
preproc: 0.433836
compute: 0.356724