inputs: 1000
queries: 10
setup: 0.422030
preproc: 0.416835
compute: 0.376041