inputs: 1000
queries: 10
setup: 0.401246
preproc: 0.866913
compute: 0.003714