inputs: 1000
queries: 10
setup: 0.384563
preproc: 0.003684
compute: 0.343022