inputs: 1000
queries: 10
setup: 0.403488
preproc: 0.413745
compute: 0.408433