inputs: 10000
queries: 1000
setup: 0.394417
preproc: 2.738451
compute: 0.488042