inputs: 1000
queries: 10
setup: 0.379498
preproc: 0.003825
compute: 0.337527