inputs: 1000
queries: 10
setup: 0.396285
preproc: 2.244745
compute: 0.037772