inputs: 10000
queries: 1000
setup: 0.398902
preproc: 0.456210
compute: 0.357804