inputs: 1000
queries: 10
setup: 0.406754
preproc: 0.412180
compute: 0.367018