inputs: 10000
queries: 1000
setup: 0.410279
preproc: 2.013797
compute: 0.017853