inputs: 1000
queries: 10
setup: 0.388876
preproc: 0.378581
compute: 0.336754