inputs: 1000
queries: 10
setup: 0.362695
preproc: 1.259420
compute: 0.377655