inputs: 1000
queries: 10
setup: 0.384167
preproc: 0.386509
compute: 0.380054