inputs: 10000
queries: 100
setup: 0.387618
preproc: 22.639597
compute: 0.438960