inputs: 10000
queries: 1000
setup: 0.401812
preproc: 1.010487
compute: 0.016608