inputs: 10000
queries: 100
setup: 0.416478
preproc: 0.468415
compute: 0.372256