inputs: 10000
queries: 1000
setup: 0.387438
preproc: 22.516193
compute: 0.908030