inputs: 10000
queries: 1000
setup: 0.405441
preproc: 0.462115
compute: 0.360574