inputs: 1000
queries: 10
setup: 0.389013
preproc: 0.382992
compute: 0.340215