inputs: 10000
queries: 1000
setup: 0.392876
preproc: 0.446182
compute: 0.135833