inputs: 5000
queries: 50
setup: 0.400324
preproc: 2.429938
compute: 0.225022