inputs: 1000
queries: 10
setup: 0.404405
preproc: 1.505378
compute: 0.397294