inputs: 1000
queries: 10
setup: 0.418298
preproc: 0.347786
compute: 0.347396