inputs: 5000
queries: 50
setup: 0.387022
preproc: 0.414661
compute: 0.477467