inputs: 1000
queries: 10
setup: 0.390514
preproc: 0.382619
compute: 0.392261