inputs: 1000
queries: 10
setup: 0.403400
preproc: 0.331684
compute: 0.338535