inputs: 10000
queries: 100
setup: 0.383854
preproc: 2.726088
compute: 0.415439