inputs: 1000
queries: 10
setup: 0.403868
preproc: 0.890872
compute: 0.004302