inputs: 1000
queries: 10
setup: 0.382318
preproc: 0.323536
compute: 0.320966