inputs: 5000
queries: 50
setup: 0.363889
preproc: 2.110515
compute: 0.396306