inputs: 10000
queries: 100
setup: 0.390268
preproc: 2.756644
compute: 0.419711