inputs: 1000
queries: 10
setup: 0.400486
preproc: 0.889450
compute: 0.003685