inputs: 10000
queries: 100
setup: 0.060766
preproc: 0.013832
compute: 0.005683