inputs: 5000
queries: 50
setup: 0.359308
preproc: 1.186707
compute: 0.207001