inputs: 10000
queries: 100
setup: 0.058628
preproc: 0.013496
compute: 0.005382