inputs: 5000
queries: 50
setup: 0.407134
preproc: 0.472833
compute: 0.443137