inputs: 10000
queries: 1000
setup: 0.386410
preproc: 2.779971
compute: 0.484611