inputs: 5000
queries: 50
setup: 0.380836
preproc: 7.540962
compute: 0.399813