inputs: 10000
queries: 100
setup: 0.401521
preproc: 1.636550
compute: 0.158346