inputs: 1000
queries: 10
setup: 0.392760
preproc: 2.143710
compute: 0.390043