inputs: 5000
queries: 50
setup: 0.404689
preproc: 7.745488
compute: 0.426387