inputs: 1000
queries: 10
setup: 0.421000
preproc: 0.953105
compute: 0.003832