inputs: 10000
queries: 1000
setup: 0.059350
preproc: 0.013388
compute: 0.013468