inputs: 10000
queries: 100
setup: 0.394150
preproc: 2.761109
compute: 0.414144