inputs: 10000
queries: 100
setup: 0.383206
preproc: 22.662651
compute: 0.436793