inputs: 1000
queries: 10
setup: 0.383162
preproc: 2.139708
compute: 0.036013