inputs: 10000
queries: 100
setup: 0.389184
preproc: 0.466844
compute: 0.636287