inputs: 1000
queries: 10
setup: 0.398746
preproc: 0.879012
compute: 0.003603