inputs: 1000
queries: 10
setup: 0.386802
preproc: 2.256687
compute: 0.036168