inputs: 1000
queries: 10
setup: 12.627953
preproc: 0.003826
compute: 0.002730