inputs: 1000
queries: 10
setup: 0.406055
preproc: 0.402674
compute: 0.348276