inputs: 10000
queries: 1000
setup: 0.396993
preproc: 1.729291
compute: 0.172402