inputs: 10000
queries: 100
setup: 0.391063
preproc: 0.441320
compute: 0.130440