inputs: 1000
queries: 10
setup: 0.390406
preproc: 2.137954
compute: 0.400703