inputs: 10000
queries: 1000
setup: 0.412498
preproc: 0.517491
compute: 2.905058