inputs: 1000
queries: 10
setup: 4.068620
preproc: 2.136350
compute: 0.012598