inputs: 1000
queries: 10
setup: 2.936113
preproc: 0.944391
compute: 0.033105