inputs: 10000
queries: 100
setup: 0.414695
preproc: 0.472670
compute: 0.134852