inputs: 1000
queries: 10
setup: 0.383161
preproc: 0.314971
compute: 0.324686