inputs: 1000
queries: 10
setup: 0.388841
preproc: 2.161985
compute: 0.036504