inputs: 1000
queries: 10
setup: 2.031669
preproc: 1.054773
compute: 0.035761