inputs: 1000
queries: 10
setup: 0.418698
preproc: 0.423067
compute: 0.433219