inputs: 10000
queries: 100
setup: 0.388193
preproc: 1.698424
compute: 0.150480