inputs: 10000
queries: 100
setup: 0.386300
preproc: 0.003074
compute: 0.760132