inputs: 10000
queries: 100
setup: 0.387952
preproc: 1.683436
compute: 0.155389