inputs: 10000
queries: 1000
setup: 0.398253
preproc: 0.543684
compute: 0.703087