inputs: 10000
queries: 1000
setup: 0.408369
preproc: 0.474354
compute: 0.362278