inputs: 5000
queries: 50
setup: 0.419295
preproc: 0.461804
compute: 0.520468