inputs: 1000
queries: 10
setup: 0.383549
preproc: 2.149786
compute: 0.036297