inputs: 10000
queries: 1000
setup: 0.391359
preproc: 0.472461
compute: 2.801837