inputs: 1000
queries: 10
setup: 0.416669
preproc: 0.376146
compute: 0.369479