inputs: 1000
queries: 10
setup: 0.418839
preproc: 0.431880
compute: 0.429010