inputs: 1000
queries: 10
setup: 0.412579
preproc: 1.217547
compute: 0.410171