inputs: 1000
queries: 10
setup: 0.380204
preproc: 0.312926
compute: 0.318742