inputs: 1000
queries: 10
setup: 0.400810
preproc: 0.893027
compute: 0.003746