inputs: 10000
queries: 1000
setup: 0.384851
preproc: 0.472336
compute: 2.812323