inputs: 1000
queries: 10
setup: 0.408828
preproc: 0.409374
compute: 0.357470