inputs: 10000
queries: 100
setup: 0.389920
preproc: 2.749852
compute: 0.421135