inputs: 1000
queries: 10
setup: 0.395492
preproc: 0.868528
compute: 0.003619