inputs: 1000
queries: 10
setup: 0.404889
preproc: 0.346735
compute: 0.328813