inputs: 1000
queries: 10
setup: 11.689679
preproc: 0.354288
compute: 0.130975