inputs: 10000
queries: 100
setup: 0.384001
preproc: 2.629056
compute: 0.393644