inputs: 1000
queries: 10
setup: 12.648355
preproc: 0.333997
compute: 0.128165