inputs: 1000
queries: 10
setup: 0.412991
preproc: 0.431289
compute: 0.430898