inputs: 1000
queries: 10
setup: 0.419835
preproc: 2.210801
compute: 0.038080