inputs: 10000
queries: 100
setup: 0.386132
preproc: 0.513086
compute: 0.423027