inputs: 10000
queries: 1000
setup: 0.064309
preproc: 0.013486
compute: 0.013680