inputs: 1000
queries: 10
setup: 0.062273
preproc: 0.004024
compute: 0.002896