inputs: 5000
queries: 50
setup: 0.398710
preproc: 2.398067
compute: 0.224558