inputs: 1000
queries: 10
setup: 0.413416
preproc: 0.897830
compute: 0.003829