inputs: 10000
queries: 1000
setup: 0.404113
preproc: 1.724383
compute: 0.175269