inputs: 1000
queries: 10
setup: 19.319693
preproc: 0.003882
compute: 0.002702