inputs: 10000
queries: 100
setup: 0.410200
preproc: 0.541257
compute: 0.448871