inputs: 10000
queries: 1000
setup: 0.418779
preproc: 1.792268
compute: 0.185979