inputs: 5000
queries: 50
setup: 0.359090
preproc: 2.100185
compute: 0.393204