inputs: 10000
queries: 100
setup: 0.385032
preproc: 0.511434
compute: 0.422731