inputs: 10000
queries: 100
setup: 0.412891
preproc: 2.013587
compute: 0.014088