inputs: 10000
queries: 100
setup: 0.398487
preproc: 2.843132
compute: 0.447917