inputs: 10000
queries: 1000
setup: 0.387255
preproc: 2.734953
compute: 0.478087