inputs: 10000
queries: 100
setup: 0.395626
preproc: 1.405651
compute: 0.152694