inputs: 1000
queries: 10
setup: 0.382179
preproc: 0.381789
compute: 0.394039