inputs: 10000
queries: 1000
setup: 0.065410
preproc: 0.013540
compute: 0.013959