inputs: 10000
queries: 1000
setup: 0.403518
preproc: 0.956769
compute: 0.007823