inputs: 10000
queries: 1000
setup: 0.066838
preproc: 0.015077
compute: 0.014997