inputs: 10000
queries: 1000
setup: 0.396019
preproc: 2.084529
compute: 0.490501