inputs: 1000
queries: 10
setup: 0.381004
preproc: 0.385937
compute: 0.375608