inputs: 10000
queries: 100
setup: 0.413750
preproc: 1.010435
compute: 0.014483