inputs: 1000
queries: 10
setup: 0.424022
preproc: 0.399589
compute: 0.389075