inputs: 10000
queries: 1000
setup: 0.400661
preproc: 1.774022
compute: 0.174589