inputs: 1000
queries: 10
setup: 0.381672
preproc: 0.318321
compute: 0.308840