inputs: 1000
queries: 10
setup: 0.383230
preproc: 1.220275
compute: 0.378884