inputs: 10000
queries: 100
setup: 0.383092
preproc: 0.003100
compute: 0.746737