inputs: 1000
queries: 10
setup: 0.378528
preproc: 0.320643
compute: 0.320853