inputs: 10000
queries: 1000
setup: 0.061450
preproc: 0.013525
compute: 0.013571