inputs: 1000
queries: 10
setup: 0.392030
preproc: 0.390226
compute: 0.404359