inputs: 10000
queries: 1000
setup: 0.397966
preproc: 0.466413
compute: 0.367511