inputs: 10000
queries: 1000
setup: 0.393127
preproc: 0.002961
compute: 3.598858