inputs: 10000
queries: 100
setup: 0.430551
preproc: 0.537938
compute: 0.689220