inputs: 1000
queries: 10
setup: 0.393937
preproc: 0.002808
compute: 0.335188