inputs: 1000
queries: 10
setup: 0.395138
preproc: 0.388226
compute: 0.337824