inputs: 10000
queries: 1000
setup: 0.422759
preproc: 2.013541
compute: 0.017631