inputs: 1000
queries: 10
setup: 0.393265
preproc: 1.135356
compute: 0.395834