inputs: 1000
queries: 10
setup: 2.467236
preproc: 1.067245
compute: 0.035841