inputs: 5000
queries: 50
setup: 0.390833
preproc: 0.427598
compute: 0.482480