inputs: 1000
queries: 10
setup: 0.366562
preproc: 0.002418
compute: 0.402643