inputs: 10000
queries: 1000
setup: 0.405742
preproc: 1.010435
compute: 0.016954