inputs: 10000
queries: 1000
setup: 0.387564
preproc: 0.472469
compute: 2.826505