inputs: 10000
queries: 1000
setup: 0.405728
preproc: 1.010560
compute: 0.017599