inputs: 10000
queries: 1000
setup: 0.374989
preproc: 1.008179
compute: 0.016267