inputs: 10000
queries: 1000
setup: 0.399207
preproc: 2.771318
compute: 0.501221