inputs: 1000
queries: 10
setup: 0.397719
preproc: 2.138845
compute: 0.037564