inputs: 1000
queries: 10
setup: 0.346503
preproc: 0.308686
compute: 0.322935