inputs: 1000
queries: 10
setup: 0.380381
preproc: 1.138275
compute: 0.373857