inputs: 10000
queries: 1000
setup: 0.396223
preproc: 0.474346
compute: 2.812871