inputs: 1000
queries: 10
setup: 0.384768
preproc: 1.067619
compute: 0.036012