inputs: 10000
queries: 1000
setup: 0.436103
preproc: 2.488128
compute: 0.484280