inputs: 10000
queries: 1000
setup: 0.412101
preproc: 0.968432
compute: 0.007959