inputs: 10000
queries: 100
setup: 0.400462
preproc: 0.943532
compute: 0.003634