inputs: 1000
queries: 10
setup: 0.392086
preproc: 0.383515
compute: 0.124504