inputs: 10000
queries: 100
setup: 0.389220
preproc: 2.778627
compute: 0.409070