inputs: 1000
queries: 10
setup: 0.396963
preproc: 1.472478
compute: 0.039777