inputs: 10000
queries: 100
setup: 0.406909
preproc: 0.476417
compute: 0.647673