inputs: 5000
queries: 50
setup: 0.424838
preproc: 7.441084
compute: 0.434902