inputs: 10000
queries: 100
setup: 0.361367
preproc: 0.465247
compute: 0.596293