inputs: 1000
queries: 10
setup: 0.397700
preproc: 1.010258
compute: 0.016515