inputs: 1000
queries: 10
setup: 0.390212
preproc: 0.385486
compute: 0.339350