inputs: 10000
queries: 100
setup: 0.386606
preproc: 0.003057
compute: 0.754102