inputs: 1000
queries: 10
setup: 0.390913
preproc: 0.404456
compute: 0.409363