inputs: 10000
queries: 1000
setup: 0.399992
preproc: 1.010154
compute: 0.017357