inputs: 10000
queries: 100
setup: 0.065190
preproc: 0.013553
compute: 0.005547