inputs: 1000
queries: 10
setup: 0.403020
preproc: 0.877901
compute: 0.003685