inputs: 1000
queries: 10
setup: 0.389434
preproc: 0.336668
compute: 0.322025