inputs: 1000
queries: 10
setup: 0.388050
preproc: 1.154341
compute: 0.394253