inputs: 1000
queries: 10
setup: 2.476535
preproc: 1.119187
compute: 0.037855