inputs: 5000
queries: 50
setup: 0.395998
preproc: 0.445244
compute: 0.401246