inputs: 1000
queries: 10
setup: 0.406096
preproc: 0.880175
compute: 0.003769