inputs: 10000
queries: 1000
setup: 0.411849
preproc: 0.464937
compute: 0.364961