inputs: 1000
queries: 10
setup: 0.410718
preproc: 0.002929
compute: 0.403239