inputs: 1000
queries: 10
setup: 0.417381
preproc: 2.161548
compute: 0.402822