inputs: 10000
queries: 100
setup: 0.419280
preproc: 0.498782
compute: 0.656479