inputs: 1000
queries: 10
setup: 19.470695
preproc: 0.004072
compute: 0.002975