inputs: 1000
queries: 10
setup: 0.385071
preproc: 0.002737
compute: 0.323062