inputs: 1000
queries: 10
setup: 0.399529
preproc: 1.505607
compute: 0.407022