inputs: 1000
queries: 10
setup: 2.389389
preproc: 1.050678
compute: 0.035725