inputs: 1000
queries: 10
setup: 0.425443
preproc: 0.914459
compute: 0.003861