inputs: 10000
queries: 100
setup: 0.398566
preproc: 1.010726
compute: 0.013481