inputs: 1000
queries: 10
setup: 0.434439
preproc: 2.246495
compute: 0.423865