inputs: 1000
queries: 10
setup: 0.382303
preproc: 1.129944
compute: 0.381383