inputs: 1000
queries: 10
setup: 11.942274
preproc: 0.326244
compute: 0.128749