inputs: 1000
queries: 10
setup: 0.418783
preproc: 1.166712
compute: 0.418971