inputs: 10000
queries: 1000
setup: 0.061738
preproc: 0.013970
compute: 0.014709