inputs: 10000
queries: 100
setup: 0.389780
preproc: 22.736920
compute: 0.445244