inputs: 10000
queries: 1000
setup: 0.399311
preproc: 1.411857
compute: 0.169910