inputs: 1000
queries: 10
setup: 13.324665
preproc: 0.003906
compute: 0.002738