inputs: 1000
queries: 10
setup: 0.389799
preproc: 0.383708
compute: 0.337877