inputs: 1000
queries: 10
setup: 2.899484
preproc: 1.068514
compute: 0.036615