inputs: 10000
queries: 100
setup: 0.420525
preproc: 2.767336
compute: 0.491312