inputs: 1000
queries: 10
setup: 0.403759
preproc: 0.393132
compute: 0.334942