inputs: 10000
queries: 100
setup: 0.420530
preproc: 1.755012
compute: 0.154715