inputs: 10000
queries: 1000
setup: 0.401861
preproc: 0.947874
compute: 0.007303