inputs: 1000
queries: 10
setup: 0.840698
preproc: 0.003726
compute: 0.356102