inputs: 5000
queries: 50
setup: 0.405201
preproc: 2.410872
compute: 0.429026