inputs: 5000
queries: 50
setup: 0.406044
preproc: 1.010286
compute: 0.013416