inputs: 1000
queries: 10
setup: 0.403165
preproc: 0.003310
compute: 0.347131