inputs: 1000
queries: 10
setup: 0.394700
preproc: 0.003667
compute: 0.363250