inputs: 1000
queries: 10
setup: 0.397453
preproc: 1.168019
compute: 0.393752