inputs: 10000
queries: 1000
setup: 0.394541
preproc: 0.512403
compute: 0.680374