inputs: 10000
queries: 1000
setup: 0.404407
preproc: 0.953101
compute: 0.007060