inputs: 1000
queries: 10
setup: 0.056636
preproc: 0.003638
compute: 0.029149