inputs: 10000
queries: 100
setup: 0.391608
preproc: 0.474983
compute: 0.628865