inputs: 10000
queries: 1000
setup: 0.394927
preproc: 0.438154
compute: 0.135044