inputs: 1000
queries: 10
setup: 0.404275
preproc: 2.247259
compute: 0.038911