inputs: 10000
queries: 1000
setup: 0.388662
preproc: 0.517454
compute: 0.692403