inputs: 1000
queries: 10
setup: 0.404814
preproc: 1.010337
compute: 0.013247