inputs: 5000
queries: 50
setup: 0.400753
preproc: 0.472495
compute: 0.419942