inputs: 10000
queries: 1000
setup: 0.390453
preproc: 2.758680
compute: 0.499294