inputs: 10000
queries: 100
setup: 0.382540
preproc: 22.805001
compute: 0.441210