inputs: 1000
queries: 10
setup: 0.410549
preproc: 0.351811
compute: 0.343121