inputs: 1000
queries: 10
setup: 0.381817
preproc: 0.391401
compute: 0.382248