inputs: 10000
queries: 100
setup: 0.408764
preproc: 1.010442
compute: 0.017521