inputs: 1000
queries: 10
setup: 0.407616
preproc: 1.010790
compute: 0.013419