inputs: 1000
queries: 10
setup: 0.392477
preproc: 0.402478
compute: 0.388724