inputs: 10000
queries: 100
setup: 0.412534
preproc: 2.714228
compute: 0.429575