inputs: 10000
queries: 100
setup: 0.407374
preproc: 0.939204
compute: 0.004026