inputs: 1000
queries: 10
setup: 0.389512
preproc: 1.183584
compute: 0.381932