inputs: 1000
queries: 10
setup: 8.916682
preproc: 0.003684
compute: 0.002374