inputs: 5000
queries: 50
setup: 0.391758
preproc: 0.426949
compute: 0.486615