inputs: 5000
queries: 50
setup: 0.389191
preproc: 2.420626
compute: 0.398067