inputs: 10000
queries: 1000
setup: 0.407529
preproc: 1.009013
compute: 0.018302