inputs: 1000
queries: 10
setup: 0.486291
preproc: 0.387265
compute: 0.380536