inputs: 5000
queries: 50
setup: 0.395338
preproc: 0.425712
compute: 0.494946