inputs: 1000
queries: 10
setup: 0.373880
preproc: 0.972735
compute: 0.032560