inputs: 1000
queries: 10
setup: 0.392680
preproc: 0.398479
compute: 0.399283