inputs: 1000
queries: 10
setup: 0.411427
preproc: 2.285509
compute: 0.424701