inputs: 5000
queries: 50
setup: 0.383428
preproc: 7.339222
compute: 0.413645