inputs: 10000
queries: 100
setup: 0.411503
preproc: 0.513947
compute: 0.685686