inputs: 10000
queries: 1000
setup: 0.422674
preproc: 2.013976
compute: 0.018247