inputs: 10000
queries: 100
setup: 0.389672
preproc: 2.682627
compute: 0.405399