inputs: 1000
queries: 10
setup: 11.787077
preproc: 0.330001
compute: 0.129923