inputs: 1000
queries: 10
setup: 0.405571
preproc: 1.104956
compute: 0.038485