inputs: 10000
queries: 1000
setup: 0.397589
preproc: 2.777158
compute: 0.501679