inputs: 5000
queries: 50
setup: 0.400100
preproc: 0.908201
compute: 0.003659