inputs: 10000
queries: 100
setup: 0.389480
preproc: 0.472008
compute: 0.627337