inputs: 5000
queries: 50
setup: 0.385972
preproc: 2.425218
compute: 0.410051