inputs: 5000
queries: 50
setup: 0.392581
preproc: 0.410051
compute: 0.346920