inputs: 10000
queries: 100
setup: 0.397731
preproc: 23.372421
compute: 0.480896