inputs: 10000
queries: 100
setup: 0.411104
preproc: 0.463704
compute: 0.370758