inputs: 1000
queries: 10
setup: 0.069530
preproc: 0.005132
compute: 0.034461