inputs: 1000
queries: 10
setup: 0.394086
preproc: 0.337713
compute: 0.333677