inputs: 1000
queries: 10
setup: 0.389534
preproc: 0.003898
compute: 0.358045