inputs: 1000
queries: 10
setup: 0.385447
preproc: 0.004030
compute: 0.364570