inputs: 1000
queries: 10
setup: 16.313392
preproc: 0.003815
compute: 0.002764