inputs: 1000
queries: 10
setup: 12.943581
preproc: 0.003937
compute: 0.002505