inputs: 1000
queries: 10
setup: 0.410102
preproc: 0.342005
compute: 0.358782