inputs: 10000
queries: 100
setup: 0.372866
preproc: 0.439292
compute: 0.123762