inputs: 1000
queries: 10
setup: 0.407017
preproc: 1.290622
compute: 0.410626