inputs: 1000
queries: 10
setup: 0.406203
preproc: 0.397262
compute: 0.404743