inputs: 1000
queries: 10
setup: 0.391673
preproc: 1.190453
compute: 0.396390