inputs: 10000
queries: 1000
setup: 0.398109
preproc: 0.002989
compute: 3.551418