inputs: 5000
queries: 50
setup: 0.387766
preproc: 2.334680
compute: 0.391872