inputs: 10000
queries: 1000
setup: 0.409108
preproc: 1.010504
compute: 0.017171