inputs: 5000
queries: 50
setup: 0.391626
preproc: 7.285904
compute: 0.416990