inputs: 1000
queries: 10
setup: 0.418785
preproc: 0.341692
compute: 0.339863