inputs: 10000
queries: 100
setup: 0.389835
preproc: 2.755863
compute: 0.416381