inputs: 10000
queries: 100
setup: 0.396414
preproc: 0.480299
compute: 0.637500