inputs: 10000
queries: 100
setup: 0.412306
preproc: 0.508697
compute: 0.678919