inputs: 10000
queries: 100
setup: 0.058658
preproc: 0.013276
compute: 0.005364