inputs: 10000
queries: 1000
setup: 0.360450
preproc: 1.550401
compute: 0.162350