inputs: 1000
queries: 10
setup: 0.391947
preproc: 2.112591
compute: 0.388452