inputs: 10000
queries: 1000
setup: 0.392448
preproc: 0.441994
compute: 0.135023