inputs: 10000
queries: 1000
setup: 0.407894
preproc: 23.246662
compute: 0.922779