inputs: 10000
queries: 1000
setup: 0.405924
preproc: 2.897224
compute: 0.530794