inputs: 1000
queries: 10
setup: 0.419088
preproc: 0.902611
compute: 0.003756