inputs: 10000
queries: 1000
setup: 0.385416
preproc: 0.002900
compute: 3.564933