inputs: 10000
queries: 1000
setup: 0.385183
preproc: 0.465788
compute: 2.773949