inputs: 10000
queries: 1000
setup: 0.367091
preproc: 0.439577
compute: 0.341951