inputs: 1000
queries: 10
setup: 0.401199
preproc: 2.199437
compute: 0.396234