inputs: 1000
queries: 10
setup: 0.396087
preproc: 0.397204
compute: 0.404808