inputs: 1000
queries: 10
setup: 0.358473
preproc: 1.260460
compute: 0.376611