inputs: 1000
queries: 10
setup: 0.392607
preproc: 2.206097
compute: 0.449641