inputs: 1000
queries: 10
setup: 0.400285
preproc: 1.450725
compute: 0.399510