inputs: 5000
queries: 50
setup: 0.398040
preproc: 2.375168
compute: 0.410144