inputs: 1000
queries: 10
setup: 0.412349
preproc: 1.139922
compute: 0.038717