inputs: 10000
queries: 100
setup: 0.412342
preproc: 2.013924
compute: 0.014364