inputs: 5000
queries: 50
setup: 0.414983
preproc: 0.003244
compute: 0.567438