inputs: 1000
queries: 10
setup: 0.385829
preproc: 1.150180
compute: 0.377571