inputs: 1000
queries: 10
setup: 2.071369
preproc: 1.047190
compute: 0.035751