inputs: 1000
queries: 10
setup: 0.381552
preproc: 2.175472
compute: 0.390536