inputs: 5000
queries: 50
setup: 0.413129
preproc: 0.444803
compute: 0.374768