inputs: 5000
queries: 50
setup: 0.051986
preproc: 0.008876
compute: 0.003423