inputs: 10000
queries: 100
setup: 0.405054
preproc: 2.804125
compute: 0.426449