inputs: 1000
queries: 10
setup: 0.392213
preproc: 2.195012
compute: 0.036844