inputs: 5000
queries: 50
setup: 0.387956
preproc: 0.003033
compute: 0.531081