inputs: 5000
queries: 50
setup: 0.393445
preproc: 0.003033
compute: 0.549382