inputs: 5000
queries: 50
setup: 0.426267
preproc: 2.013776
compute: 0.014176