inputs: 5000
queries: 50
setup: 0.390470
preproc: 2.331505
compute: 0.394946