inputs: 10000
queries: 1000
setup: 0.388726
preproc: 2.666004
compute: 0.422696