inputs: 1000
queries: 10
setup: 0.379815
preproc: 0.822538
compute: 0.003119