inputs: 10000
queries: 100
setup: 0.410989
preproc: 0.512321
compute: 0.669653