inputs: 5000
queries: 50
setup: 0.393763
preproc: 0.406173
compute: 0.125089