inputs: 10000
queries: 1000
setup: 0.399189
preproc: 2.057962
compute: 0.476827