inputs: 1000
queries: 10
setup: 0.394539
preproc: 0.002840
compute: 0.421261