inputs: 5000
queries: 50
setup: 0.415626
preproc: 0.442469
compute: 0.139173