inputs: 10000
queries: 1000
setup: 0.402516
preproc: 2.799965
compute: 0.507484