inputs: 1000
queries: 10
setup: 0.388619
preproc: 0.399062
compute: 0.391775