inputs: 1000
queries: 10
setup: 0.383675
preproc: 2.207441
compute: 0.035923