inputs: 5000
queries: 50
setup: 0.384270
preproc: 2.110379
compute: 0.429215