inputs: 5000
queries: 50
setup: 0.403391
preproc: 0.913360
compute: 0.003747