inputs: 1000
queries: 10
setup: 0.837573
preproc: 0.003630
compute: 0.343576