inputs: 1000
queries: 10
setup: 0.064385
preproc: 0.003755
compute: 0.013851