inputs: 10000
queries: 1000
setup: 0.378784
preproc: 0.914066
compute: 0.007408