inputs: 1000
queries: 10
setup: 0.383029
preproc: 0.002877
compute: 0.326535