inputs: 1000
queries: 10
setup: 0.399451
preproc: 0.890063
compute: 0.003677