inputs: 1000
queries: 10
setup: 0.383284
preproc: 1.126667
compute: 0.381306