inputs: 1000
queries: 10
setup: 0.392476
preproc: 2.124612
compute: 0.037021