inputs: 5000
queries: 50
setup: 0.406570
preproc: 2.348732
compute: 0.423718