inputs: 10000
queries: 1000
setup: 0.386491
preproc: 0.469958
compute: 2.795598