inputs: 5000
queries: 50
setup: 0.389731
preproc: 2.401840
compute: 0.221518