inputs: 1000
queries: 10
setup: 0.392319
preproc: 0.387802
compute: 0.398387