inputs: 1000
queries: 10
setup: 0.369650
preproc: 0.003469
compute: 0.333131