inputs: 1000
queries: 10
setup: 3.563909
preproc: 2.060321
compute: 0.011282