inputs: 10000
queries: 100
setup: 0.403168
preproc: 1.734810
compute: 0.158473