inputs: 1000
queries: 10
setup: 0.387694
preproc: 2.149192
compute: 0.387638