inputs: 1000
queries: 10
setup: 21.173763
preproc: 0.003827
compute: 0.002720