inputs: 1000
queries: 10
setup: 0.415955
preproc: 0.405243
compute: 0.127007