inputs: 1000
queries: 10
setup: 0.384753
preproc: 0.003944
compute: 0.340492