inputs: 5000
queries: 50
setup: 0.389229
preproc: 0.442661
compute: 0.398369