inputs: 10000
queries: 1000
setup: 0.060513
preproc: 0.013181
compute: 0.015592