inputs: 1000
queries: 10
setup: 0.396250
preproc: 0.393528
compute: 0.413565