inputs: 1000
queries: 10
setup: 0.383979
preproc: 0.320875
compute: 0.306382