inputs: 10000
queries: 100
setup: 0.407460
preproc: 0.498732
compute: 0.668962