inputs: 10000
queries: 1000
setup: 0.430259
preproc: 0.483064
compute: 0.142291