inputs: 1000
queries: 10
setup: 0.388962
preproc: 0.382734
compute: 0.387799