inputs: 10000
queries: 100
setup: 0.391814
preproc: 2.694187
compute: 0.402667