inputs: 1000
queries: 10
setup: 0.066454
preproc: 0.003969
compute: 0.002768