inputs: 1000
queries: 10
setup: 0.406593
preproc: 2.256868
compute: 0.440796