inputs: 5000
queries: 50
setup: 0.389056
preproc: 2.459421
compute: 0.224299