inputs: 10000
queries: 1000
setup: 0.391042
preproc: 0.449097
compute: 0.356999