inputs: 10000
queries: 100
setup: 0.061035
preproc: 0.013980
compute: 0.005661