inputs: 1000
queries: 10
setup: 0.399004
preproc: 0.899634
compute: 0.003787