inputs: 10000
queries: 1000
setup: 0.400324
preproc: 0.447628
compute: 0.134380