inputs: 1000
queries: 10
setup: 0.391420
preproc: 0.392818
compute: 0.424177