inputs: 1000
queries: 10
setup: 12.742986
preproc: 0.329366
compute: 0.132269