inputs: 10000
queries: 100
setup: 0.403498
preproc: 0.454175
compute: 0.132328