inputs: 5000
queries: 50
setup: 0.066361
preproc: 0.008297
compute: 0.003869