inputs: 5000
queries: 50
setup: 0.378960
preproc: 7.969947
compute: 0.395073