inputs: 1000
queries: 10
setup: 0.413287
preproc: 2.259334
compute: 0.408989