inputs: 1000
queries: 10
setup: 0.391031
preproc: 1.173452
compute: 0.385309