inputs: 5000
queries: 50
setup: 0.422206
preproc: 0.963326
compute: 0.003965