inputs: 1000
queries: 10
setup: 0.064540
preproc: 0.004203
compute: 0.003060