inputs: 1000
queries: 10
setup: 12.447429
preproc: 0.003854
compute: 0.002743