inputs: 1000
queries: 10
setup: 0.385858
preproc: 2.141125
compute: 0.036685