inputs: 10000
queries: 1000
setup: 0.379658
preproc: 0.002812
compute: 3.501704