inputs: 10000
queries: 1000
setup: 0.062280
preproc: 0.013853
compute: 0.014379