inputs: 10000
queries: 1000
setup: 0.404911
preproc: 2.825150
compute: 0.524688