inputs: 1000
queries: 10
setup: 0.408675
preproc: 0.911922
compute: 0.003743