inputs: 5000
queries: 50
setup: 0.061009
preproc: 0.008164
compute: 0.003819