inputs: 10000
queries: 1000
setup: 0.404990
preproc: 2.013201
compute: 0.017663