inputs: 1000
queries: 10
setup: 0.383340
preproc: 0.318898
compute: 0.323043