inputs: 10000
queries: 1000
setup: 0.410968
preproc: 0.969556
compute: 0.008090