inputs: 5000
queries: 50
setup: 0.414677
preproc: 1.395385
compute: 0.229338