inputs: 5000
queries: 50
setup: 0.414049
preproc: 0.451941
compute: 0.353947