inputs: 10000
queries: 100
setup: 0.385795
preproc: 2.738048
compute: 0.409584