inputs: 1000
queries: 10
setup: 0.057684
preproc: 0.003774
compute: 0.002404