inputs: 1000
queries: 10
setup: 0.391117
preproc: 0.382914
compute: 0.337854