inputs: 1000
queries: 10
setup: 11.298358
preproc: 0.310313
compute: 0.124242