inputs: 1000
queries: 10
setup: 0.384082
preproc: 0.318963
compute: 0.307275