inputs: 1000
queries: 10
setup: 0.400533
preproc: 0.003000
compute: 0.347782