inputs: 10000
queries: 1000
setup: 0.391080
preproc: 2.659427
compute: 0.419208