inputs: 10000
queries: 100
setup: 0.402286
preproc: 0.511969
compute: 0.432237