inputs: 1000
queries: 10
setup: 0.387793
preproc: 1.198649
compute: 0.389658