inputs: 5000
queries: 50
setup: 0.389794
preproc: 0.422375
compute: 0.482333