inputs: 10000
queries: 1000
setup: 0.396639
preproc: 0.003333
compute: 3.417174