inputs: 1000
queries: 10
setup: 0.409242
preproc: 0.903886
compute: 0.003939