inputs: 1000
queries: 10
setup: 0.415761
preproc: 1.151636
compute: 0.432545