inputs: 1000
queries: 10
setup: 0.396068
preproc: 0.340197
compute: 0.346143