inputs: 10000
queries: 100
setup: 0.392861
preproc: 2.754578
compute: 0.420780