inputs: 10000
queries: 100
setup: 0.388154
preproc: 2.825325
compute: 0.428353