inputs: 10000
queries: 1000
setup: 0.402022
preproc: 0.444486
compute: 0.359871