inputs: 5000
queries: 50
setup: 0.384547
preproc: 0.413073
compute: 0.473939