inputs: 10000
queries: 1000
setup: 0.391808
preproc: 0.442755
compute: 0.347084