inputs: 10000
queries: 100
setup: 0.391892
preproc: 0.003127
compute: 0.765806