inputs: 5000
queries: 50
setup: 0.387114
preproc: 2.416764
compute: 0.400960