inputs: 1000
queries: 10
setup: 0.430110
preproc: 0.424394
compute: 0.367067