inputs: 10000
queries: 100
setup: 0.411985
preproc: 0.493827
compute: 0.646014