inputs: 1000
queries: 10
setup: 0.406889
preproc: 0.395924
compute: 0.351775