inputs: 10000
queries: 100
setup: 0.414742
preproc: 0.504148
compute: 0.694882