inputs: 5000
queries: 50
setup: 0.391309
preproc: 2.446633
compute: 0.220014