inputs: 1000
queries: 10
setup: 0.412750
preproc: 0.003350
compute: 0.445046