inputs: 1000
queries: 10
setup: 2.252926
preproc: 1.088278
compute: 0.036433