inputs: 10000
queries: 100
setup: 0.382859
preproc: 0.003062
compute: 0.756057