inputs: 5000
queries: 50
setup: 0.066388
preproc: 0.009026
compute: 0.004119