inputs: 10000
queries: 1000
setup: 0.407053
preproc: 0.003089
compute: 3.657749