inputs: 10000
queries: 1000
setup: 0.387626
preproc: 22.403847
compute: 0.891497