inputs: 5000
queries: 50
setup: 0.401332
preproc: 1.010518
compute: 0.012955