inputs: 1000
queries: 10
setup: 0.407229
preproc: 1.010342
compute: 0.013416