inputs: 1000
queries: 10
setup: 0.419361
preproc: 2.205857
compute: 0.414227