inputs: 10000
queries: 1000
setup: 0.393574
preproc: 2.640406
compute: 0.418002