inputs: 10000
queries: 1000
setup: 0.430567
preproc: 1.022014
compute: 0.008272