inputs: 1000
queries: 10
setup: 0.386523
preproc: 1.189220
compute: 0.377543