inputs: 10000
queries: 100
setup: 0.386933
preproc: 0.506163
compute: 0.424287