inputs: 1000
queries: 10
setup: 0.392422
preproc: 0.395638
compute: 0.125153