inputs: 1000
queries: 10
setup: 0.391163
preproc: 0.333448
compute: 0.332193