inputs: 10000
queries: 1000
setup: 0.394195
preproc: 2.707190
compute: 0.425450