inputs: 1000
queries: 10
setup: 0.386714
preproc: 1.047739
compute: 0.036024