inputs: 10000
queries: 100
setup: 0.392858
preproc: 0.446757
compute: 0.130260