inputs: 10000
queries: 100
setup: 0.398268
preproc: 1.010258
compute: 0.013399