inputs: 10000
queries: 100
setup: 0.389747
preproc: 0.464061
compute: 0.631857