inputs: 10000
queries: 100
setup: 0.393966
preproc: 0.466367
compute: 0.637390