inputs: 10000
queries: 100
setup: 0.060571
preproc: 0.013257
compute: 0.005514