inputs: 10000
queries: 100
setup: 0.389165
preproc: 2.788591
compute: 0.412127