inputs: 1000
queries: 10
setup: 0.389325
preproc: 1.215192
compute: 0.384058