inputs: 1000
queries: 10
setup: 0.390619
preproc: 0.002805
compute: 0.409305