inputs: 1000
queries: 10
setup: 0.409808
preproc: 0.415220
compute: 0.360753