inputs: 10000
queries: 100
setup: 0.384290
preproc: 22.929767
compute: 0.430353