inputs: 1000
queries: 10
setup: 0.411501
preproc: 0.402301
compute: 0.358747