inputs: 5000
queries: 50
setup: 0.388388
preproc: 7.291009
compute: 0.408189