inputs: 1000
queries: 10
setup: 0.674316
preproc: 0.003873
compute: 0.369119