inputs: 1000
queries: 10
setup: 0.401846
preproc: 0.337894
compute: 0.342400