inputs: 1000
queries: 10
setup: 0.395270
preproc: 0.381075
compute: 0.337622