inputs: 10000
queries: 1000
setup: 0.383356
preproc: 0.504312
compute: 0.687467