inputs: 5000
queries: 50
setup: 0.407795
preproc: 1.010460
compute: 0.013029