inputs: 10000
queries: 1000
setup: 0.428393
preproc: 2.014137
compute: 0.018313