inputs: 1000
queries: 10
setup: 0.416724
preproc: 0.427247
compute: 0.134640