inputs: 10000
queries: 1000
setup: 0.389762
preproc: 0.002968
compute: 3.581797