inputs: 10000
queries: 1000
setup: 0.426559
preproc: 0.453225
compute: 0.362446