inputs: 10000
queries: 1000
setup: 0.386516
preproc: 0.003090
compute: 3.561278