inputs: 1000
queries: 10
setup: 0.390550
preproc: 2.193799
compute: 0.391563