inputs: 1000
queries: 10
setup: 0.392783
preproc: 2.179238
compute: 0.403667