inputs: 10000
queries: 1000
setup: 0.411036
preproc: 0.489346
compute: 2.874571