inputs: 10000
queries: 1000
setup: 0.406667
preproc: 1.724485
compute: 0.172998