inputs: 5000
queries: 50
setup: 0.422598
preproc: 2.429878
compute: 0.427917