inputs: 1000
queries: 10
setup: 0.412451
preproc: 2.143504
compute: 0.397820