inputs: 1000
queries: 10
setup: 0.389858
preproc: 0.002901
compute: 0.340021