inputs: 1000
queries: 10
setup: 7.708269
preproc: 0.003812
compute: 0.002727