inputs: 1000
queries: 10
setup: 0.389151
preproc: 0.392702
compute: 0.395067