inputs: 1000
queries: 10
setup: 0.395148
preproc: 1.467264
compute: 0.396454