inputs: 10000
queries: 100
setup: 0.406384
preproc: 2.817033
compute: 0.431506