inputs: 1000
queries: 10
setup: 2.183650
preproc: 0.850905
compute: 0.039399