inputs: 1000
queries: 10
setup: 0.408390
preproc: 1.227841
compute: 0.392994