inputs: 1000
queries: 10
setup: 0.396702
preproc: 0.390876
compute: 0.130262