inputs: 1000
queries: 10
setup: 0.418484
preproc: 0.369927
compute: 0.364222