inputs: 1000
queries: 10
setup: 0.406428
preproc: 0.863561
compute: 0.040836