inputs: 1000
queries: 10
setup: 0.386717
preproc: 1.067327
compute: 0.035971