inputs: 1000
queries: 10
setup: 0.417543
preproc: 0.419421
compute: 0.365313