inputs: 1000
queries: 10
setup: 0.385631
preproc: 0.322831
compute: 0.315664