inputs: 1000
queries: 10
setup: 2.087061
preproc: 1.053084
compute: 0.035720