inputs: 1000
queries: 10
setup: 0.395908
preproc: 0.404320
compute: 0.361092