inputs: 1000
queries: 10
setup: 0.391154
preproc: 0.851596
compute: 0.003432