inputs: 1000
queries: 10
setup: 0.397671
preproc: 0.398364
compute: 0.129398