inputs: 1000
queries: 10
setup: 12.375344
preproc: 0.337372
compute: 0.132238