inputs: 10000
queries: 100
setup: 0.060371
preproc: 0.013667
compute: 0.005679