inputs: 10000
queries: 1000
setup: 0.396838
preproc: 0.003181
compute: 3.589542