inputs: 1000
queries: 10
setup: 0.398807
preproc: 2.185333
compute: 0.038230