inputs: 10000
queries: 1000
setup: 0.408473
preproc: 0.961080
compute: 0.007131