inputs: 10000
queries: 1000
setup: 0.387218
preproc: 2.660841
compute: 0.481748