inputs: 10000
queries: 1000
setup: 0.415733
preproc: 2.786933
compute: 0.494585