inputs: 5000
queries: 50
setup: 0.396731
preproc: 0.429892
compute: 0.349127