inputs: 1000
queries: 10
setup: 0.815418
preproc: 0.003855
compute: 0.341960