inputs: 1000
queries: 10
setup: 0.374775
preproc: 0.003881
compute: 0.347428