inputs: 10000
queries: 1000
setup: 0.398533
preproc: 0.950132
compute: 0.007656