inputs: 1000
queries: 10
setup: 0.389431
preproc: 0.324095
compute: 0.323631