inputs: 1000
queries: 10
setup: 0.411218
preproc: 0.872852
compute: 0.004057