inputs: 10000
queries: 1000
setup: 0.386677
preproc: 0.003026
compute: 3.545665