inputs: 1000
queries: 10
setup: 0.688683
preproc: 0.003649
compute: 0.355860