inputs: 5000
queries: 50
setup: 0.405607
preproc: 0.906113
compute: 0.003753