inputs: 10000
queries: 1000
setup: 0.403163
preproc: 1.010512
compute: 0.016816