inputs: 1000
queries: 10
setup: 0.402517
preproc: 0.877042
compute: 0.003804