inputs: 10000
queries: 1000
setup: 0.386214
preproc: 22.903959
compute: 0.926996