inputs: 1000
queries: 10
setup: 0.393682
preproc: 0.321919
compute: 0.342649