inputs: 10000
queries: 100
setup: 0.387087
preproc: 22.789580
compute: 0.444792