inputs: 1000
queries: 10
setup: 0.395061
preproc: 1.475669
compute: 0.397968