inputs: 1000
queries: 10
setup: 0.405575
preproc: 0.885022
compute: 0.004067