inputs: 1000
queries: 10
setup: 0.825244
preproc: 0.003507
compute: 0.330625