inputs: 10000
queries: 1000
setup: 0.417194
preproc: 0.992124
compute: 0.008170