inputs: 10000
queries: 1000
setup: 0.405224
preproc: 23.013410
compute: 0.961770