inputs: 1000
queries: 10
setup: 0.406844
preproc: 0.352629
compute: 0.377790