inputs: 10000
queries: 1000
setup: 0.406846
preproc: 0.965571
compute: 0.007137