inputs: 5000
queries: 50
setup: 0.385701
preproc: 0.002648
compute: 0.556874