inputs: 10000
queries: 1000
setup: 0.411910
preproc: 1.011585
compute: 0.018786