inputs: 10000
queries: 1000
setup: 0.404373
preproc: 1.010193
compute: 0.016789