inputs: 1000
queries: 10
setup: 0.827191
preproc: 0.003742
compute: 0.335382