inputs: 10000
queries: 100
setup: 0.416076
preproc: 0.574162
compute: 0.461746