inputs: 1000
queries: 10
setup: 0.371699
preproc: 1.009026
compute: 0.011706