inputs: 5000
queries: 50
setup: 0.412949
preproc: 0.455716
compute: 0.507718