inputs: 5000
queries: 50
setup: 0.392187
preproc: 0.426353
compute: 0.355859