inputs: 5000
queries: 50
setup: 0.061029
preproc: 0.008723
compute: 0.004086