inputs: 10000
queries: 1000
setup: 0.400593
preproc: 2.773165
compute: 0.490010