inputs: 1000
queries: 10
setup: 0.403124
preproc: 2.078412
compute: 0.405925