inputs: 10000
queries: 1000
setup: 0.391012
preproc: 0.472569
compute: 2.803058