inputs: 5000
queries: 50
setup: 0.431259
preproc: 2.167613
compute: 0.213642