inputs: 10000
queries: 1000
setup: 0.059251
preproc: 0.013484
compute: 0.013378