inputs: 5000
queries: 50
setup: 0.393184
preproc: 0.431855
compute: 0.499518