inputs: 1000
queries: 10
setup: 13.126194
preproc: 0.379935
compute: 0.195744