inputs: 10000
queries: 1000
setup: 0.390851
preproc: 0.468116
compute: 2.785908