inputs: 1000
queries: 10
setup: 0.428016
preproc: 0.873809
compute: 0.003806