inputs: 1000
queries: 10
setup: 0.415083
preproc: 0.430102
compute: 0.366913