inputs: 1000
queries: 10
setup: 0.419502
preproc: 0.415118
compute: 0.140825