inputs: 10000
queries: 1000
setup: 0.414084
preproc: 0.518474
compute: 2.873384