inputs: 1000
queries: 10
setup: 0.381313
preproc: 0.317703
compute: 0.326815