inputs: 10000
queries: 100
setup: 0.394766
preproc: 0.446588
compute: 0.346412