inputs: 1000
queries: 10
setup: 0.386557
preproc: 2.086720
compute: 0.400906