inputs: 10000
queries: 100
setup: 0.373358
preproc: 0.891794
compute: 0.003380