inputs: 1000
queries: 10
setup: 0.396509
preproc: 0.332702
compute: 0.327416