inputs: 1000
queries: 10
setup: 0.396706
preproc: 1.069018
compute: 0.037438