inputs: 5000
queries: 50
setup: 0.432800
preproc: 0.972749
compute: 0.004051