inputs: 1000
queries: 10
setup: 0.398026
preproc: 0.380656
compute: 0.340072