inputs: 1000
queries: 10
setup: 0.428523
preproc: 2.013775
compute: 0.013453