inputs: 10000
queries: 100
setup: 0.398821
preproc: 0.476292
compute: 0.625341