inputs: 10000
queries: 100
setup: 0.398574
preproc: 0.469398
compute: 0.363699