inputs: 10000
queries: 1000
setup: 0.399359
preproc: 2.807617
compute: 0.507412