inputs: 1000
queries: 10
setup: 0.398399
preproc: 0.395251
compute: 0.342776