inputs: 1000
queries: 10
setup: 0.411966
preproc: 0.898442
compute: 0.003683