inputs: 10000
queries: 1000
setup: 0.404910
preproc: 0.463027
compute: 0.138682