inputs: 1000
queries: 10
setup: 3.268075
preproc: 1.058735
compute: 0.037337