inputs: 1000
queries: 10
setup: 0.393940
preproc: 2.192924
compute: 0.402630