inputs: 1000
queries: 10
setup: 0.417391
preproc: 0.420083
compute: 0.386631