inputs: 1000
queries: 10
setup: 0.412888
preproc: 0.878830
compute: 0.003760