inputs: 1000
queries: 10
setup: 0.398033
preproc: 0.874374
compute: 0.003544