inputs: 10000
queries: 100
setup: 0.394498
preproc: 0.003159
compute: 0.772289