inputs: 1000
queries: 10
setup: 0.393553
preproc: 0.002998
compute: 0.402011