inputs: 10000
queries: 1000
setup: 0.356646
preproc: 0.459997
compute: 2.537931