inputs: 1000
queries: 10
setup: 0.404395
preproc: 2.175973
compute: 0.413082