inputs: 1000
queries: 10
setup: 0.388613
preproc: 2.188363
compute: 0.395463