inputs: 10000
queries: 1000
setup: 0.390387
preproc: 0.438858
compute: 0.357736