inputs: 10000
queries: 1000
setup: 0.392181
preproc: 2.824376
compute: 0.505466