inputs: 1000
queries: 10
setup: 3.593164
preproc: 2.174171
compute: 0.011544