inputs: 1000
queries: 10
setup: 2.115575
preproc: 1.074435
compute: 0.036435