inputs: 1000
queries: 10
setup: 0.365113
preproc: 1.270405
compute: 0.372276