inputs: 1000
queries: 10
setup: 0.391598
preproc: 1.120523
compute: 0.387605