inputs: 5000
queries: 50
setup: 0.387763
preproc: 0.003049
compute: 0.525107