inputs: 10000
queries: 100
setup: 0.356932
preproc: 0.459101
compute: 0.598524