inputs: 10000
queries: 1000
setup: 0.368143
preproc: 0.891277
compute: 0.007849