inputs: 5000
queries: 50
setup: 0.395452
preproc: 0.413965
compute: 0.130503