inputs: 1000
queries: 10
setup: 0.424881
preproc: 1.222165
compute: 0.410597