inputs: 1000
queries: 10
setup: 0.388698
preproc: 0.395517
compute: 0.379035