inputs: 1000
queries: 10
setup: 0.398878
preproc: 2.093738
compute: 0.036593