inputs: 1000
queries: 10
setup: 0.397057
preproc: 0.003227
compute: 0.427450