inputs: 10000
queries: 100
setup: 0.064749
preproc: 0.013085
compute: 0.005441