inputs: 10000
queries: 100
setup: 0.392772
preproc: 2.750520
compute: 0.417680