inputs: 10000
queries: 100
setup: 0.384176
preproc: 2.752858
compute: 0.410756