inputs: 1000
queries: 10
setup: 1.932024
preproc: 0.939053
compute: 0.031631