inputs: 1000
queries: 10
setup: 0.392688
preproc: 1.077262
compute: 0.386908