inputs: 1000
queries: 10
setup: 0.395308
preproc: 0.383320
compute: 0.338820