inputs: 5000
queries: 50
setup: 0.382451
preproc: 0.417246
compute: 0.478348