inputs: 10000
queries: 1000
setup: 0.394229
preproc: 2.781234
compute: 0.495871