inputs: 1000
queries: 10
setup: 3.849336
preproc: 2.097662
compute: 0.013296