inputs: 10000
queries: 1000
setup: 0.388049
preproc: 23.166673
compute: 0.898543