inputs: 1000
queries: 10
setup: 0.395863
preproc: 0.387757
compute: 0.129578