inputs: 1000
queries: 10
setup: 0.391252
preproc: 0.390239
compute: 0.390899