inputs: 1000
queries: 10
setup: 0.385095
preproc: 2.168382
compute: 0.391003