inputs: 5000
queries: 50
setup: 0.402144
preproc: 0.419941
compute: 0.131986