inputs: 5000
queries: 50
setup: 0.359051
preproc: 2.049068
compute: 0.391678