inputs: 1000
queries: 10
setup: 0.395286
preproc: 0.002789
compute: 0.411668