inputs: 5000
queries: 50
setup: 0.404879
preproc: 8.066043
compute: 0.424699