inputs: 1000
queries: 10
setup: 0.393173
preproc: 0.333627
compute: 0.331362