inputs: 1000
queries: 10
setup: 12.253094
preproc: 0.004039
compute: 0.002814