inputs: 1000
queries: 10
setup: 0.404747
preproc: 1.537186
compute: 0.039761