inputs: 10000
queries: 1000
setup: 0.405360
preproc: 1.429323
compute: 0.169439