inputs: 10000
queries: 1000
setup: 0.387705
preproc: 0.002932
compute: 3.561139