inputs: 1000
queries: 10
setup: 0.398534
preproc: 0.892382
compute: 0.003693