inputs: 10000
queries: 1000
setup: 0.399739
preproc: 0.939075
compute: 0.007039