inputs: 1000
queries: 10
setup: 0.375122
preproc: 0.376367
compute: 0.386657