inputs: 1000
queries: 10
setup: 0.413495
preproc: 0.003099
compute: 0.363365