inputs: 1000
queries: 10
setup: 0.401378
preproc: 0.388037
compute: 0.346412