inputs: 1000
queries: 10
setup: 0.394979
preproc: 2.088685
compute: 0.390397