inputs: 10000
queries: 100
setup: 0.387700
preproc: 2.704476
compute: 0.396206