inputs: 10000
queries: 1000
setup: 0.392645
preproc: 0.471369
compute: 2.863886