inputs: 10000
queries: 1000
setup: 0.420418
preproc: 2.695334
compute: 0.436160