inputs: 10000
queries: 100
setup: 0.387344
preproc: 22.306076
compute: 0.442434