inputs: 10000
queries: 100
setup: 0.408153
preproc: 0.480007
compute: 0.645972