inputs: 1000
queries: 10
setup: 0.395842
preproc: 0.399224
compute: 0.129806