inputs: 10000
queries: 100
setup: 0.390568
preproc: 0.439879
compute: 0.360567