inputs: 1000
queries: 10
setup: 0.404577
preproc: 0.348053
compute: 0.361566