inputs: 10000
queries: 1000
setup: 0.405790
preproc: 0.981471
compute: 0.007645