inputs: 1000
queries: 10
setup: 0.394085
preproc: 2.157630
compute: 0.404775