inputs: 10000
queries: 1000
setup: 0.404582
preproc: 0.003459
compute: 3.648201