inputs: 1000
queries: 10
setup: 0.421088
preproc: 0.423883
compute: 0.363966