inputs: 1000
queries: 10
setup: 3.074322
preproc: 1.078749
compute: 0.036972