inputs: 1000
queries: 10
setup: 0.399939
preproc: 0.327976
compute: 0.312686