inputs: 10000
queries: 100
setup: 0.360923
preproc: 0.503476
compute: 0.405075