inputs: 1000
queries: 10
setup: 0.406481
preproc: 0.403183
compute: 0.356416