inputs: 10000
queries: 1000
setup: 0.388015
preproc: 2.749083
compute: 0.491258