inputs: 10000
queries: 100
setup: 0.396673
preproc: 0.445162
compute: 0.128033