inputs: 5000
queries: 50
setup: 0.410464
preproc: 0.462311
compute: 0.506451