inputs: 5000
queries: 50
setup: 0.411898
preproc: 0.930794
compute: 0.003685