inputs: 1000
queries: 10
setup: 0.390663
preproc: 0.324820
compute: 0.340174