inputs: 10000
queries: 100
setup: 0.410017
preproc: 2.765335
compute: 0.430966