inputs: 1000
queries: 10
setup: 0.402560
preproc: 0.408362
compute: 0.360660