inputs: 10000
queries: 1000
setup: 0.366417
preproc: 2.452797
compute: 0.477433