inputs: 1000
queries: 10
setup: 0.419034
preproc: 0.938711
compute: 0.004113