inputs: 5000
queries: 50
setup: 0.389060
preproc: 1.357224
compute: 0.223165