inputs: 1000
queries: 10
setup: 0.391328
preproc: 0.002832
compute: 0.341100