inputs: 1000
queries: 10
setup: 0.406890
preproc: 2.188096
compute: 0.403152