inputs: 10000
queries: 1000
setup: 0.357451
preproc: 0.457213
compute: 2.641495