inputs: 5000
queries: 50
setup: 0.380669
preproc: 0.435169
compute: 0.358089