inputs: 5000
queries: 50
setup: 0.395013
preproc: 2.354113
compute: 0.398437