inputs: 5000
queries: 50
setup: 0.402071
preproc: 0.912087
compute: 0.003792