inputs: 1000
queries: 10
setup: 0.392527
preproc: 2.142083
compute: 0.392711