inputs: 1000
queries: 10
setup: 0.421359
preproc: 0.003128
compute: 0.459096