inputs: 1000
queries: 10
setup: 0.380949
preproc: 0.314830
compute: 0.323341