inputs: 10000
queries: 1000
setup: 0.410053
preproc: 0.985404
compute: 0.008326