inputs: 1000
queries: 10
setup: 0.384012
preproc: 0.320999
compute: 0.316115