inputs: 10000
queries: 1000
setup: 0.385971
preproc: 2.748821
compute: 0.551722