inputs: 5000
queries: 50
setup: 0.413375
preproc: 2.413924
compute: 0.417772