inputs: 10000
queries: 1000
setup: 0.388647
preproc: 2.781276
compute: 0.493992