inputs: 5000
queries: 50
setup: 0.390771
preproc: 2.397215
compute: 0.408269