inputs: 5000
queries: 50
setup: 0.409271
preproc: 1.360961
compute: 0.219926