inputs: 10000
queries: 1000
setup: 0.387135
preproc: 0.465094
compute: 2.789990