inputs: 10000
queries: 100
setup: 0.432646
preproc: 0.494846
compute: 0.142340