inputs: 5000
queries: 50
setup: 0.405905
preproc: 0.435954
compute: 0.483321