inputs: 1000
queries: 10
setup: 0.387010
preproc: 2.168345
compute: 0.401990