inputs: 1000
queries: 10
setup: 0.376620
preproc: 0.003455
compute: 0.333179