inputs: 1000
queries: 10
setup: 0.397618
preproc: 0.407794
compute: 0.363590