inputs: 10000
queries: 1000
setup: 0.410269
preproc: 0.515019
compute: 2.895085