inputs: 10000
queries: 100
setup: 0.402965
preproc: 0.949597
compute: 0.003822