inputs: 1000
queries: 10
setup: 0.386798
preproc: 1.083961
compute: 0.035988