inputs: 5000
queries: 50
setup: 0.413699
preproc: 1.395658
compute: 0.227262