inputs: 1000
queries: 10
setup: 0.390805
preproc: 2.128770
compute: 0.388857