inputs: 1000
queries: 10
setup: 13.442449
preproc: 0.004222
compute: 0.003011