inputs: 1000
queries: 10
setup: 0.408215
preproc: 0.402025
compute: 0.120707