inputs: 1000
queries: 10
setup: 0.403657
preproc: 0.395225
compute: 0.127235