inputs: 10000
queries: 100
setup: 0.397792
preproc: 0.439213
compute: 0.131416