inputs: 10000
queries: 100
setup: 0.401289
preproc: 0.548052
compute: 0.450914