inputs: 10000
queries: 100
setup: 0.403894
preproc: 0.457694
compute: 0.363492