inputs: 5000
queries: 50
setup: 0.403601
preproc: 0.427953
compute: 0.489827