inputs: 1000
queries: 10
setup: 0.423959
preproc: 1.010832
compute: 0.013988