inputs: 1000
queries: 10
setup: 0.369599
preproc: 0.389606
compute: 0.376059