inputs: 10000
queries: 1000
setup: 0.391052
preproc: 0.510165
compute: 0.682482