inputs: 1000
queries: 10
setup: 2.390635
preproc: 1.092159
compute: 0.036177