inputs: 10000
queries: 1000
setup: 0.390252
preproc: 2.711212
compute: 0.436713