inputs: 1000
queries: 10
setup: 0.382340
preproc: 2.145052
compute: 0.036543