inputs: 10000
queries: 100
setup: 0.394270
preproc: 0.465332
compute: 0.633918