inputs: 10000
queries: 100
setup: 0.059543
preproc: 0.013619
compute: 0.005628