inputs: 1000
queries: 10
setup: 0.392170
preproc: 0.396290
compute: 0.397678