inputs: 10000
queries: 1000
setup: 0.050463
preproc: 0.014915
compute: 0.012195