inputs: 1000
queries: 10
setup: 0.431547
preproc: 1.010606
compute: 0.014291