inputs: 1000
queries: 10
setup: 0.397696
preproc: 0.391860
compute: 0.412506