inputs: 10000
queries: 100
setup: 0.401189
preproc: 0.448093
compute: 0.133092