inputs: 10000
queries: 1000
setup: 0.387392
preproc: 0.467288
compute: 2.800467