inputs: 5000
queries: 50
setup: 0.388523
preproc: 2.334482
compute: 0.392916