inputs: 10000
queries: 1000
setup: 0.387264
preproc: 0.442122
compute: 0.349385