inputs: 1000
queries: 10
setup: 14.510846
preproc: 0.004132
compute: 0.002918