inputs: 10000
queries: 100
setup: 0.409779
preproc: 2.013338
compute: 0.014316