inputs: 10000
queries: 100
setup: 0.409622
preproc: 2.890019
compute: 0.433518