inputs: 10000
queries: 1000
setup: 0.400836
preproc: 0.448859
compute: 0.137763