inputs: 1000
queries: 10
setup: 0.387365
preproc: 1.065081
compute: 0.037301