inputs: 1000
queries: 10
setup: 0.385321
preproc: 2.119027
compute: 0.418401