inputs: 10000
queries: 100
setup: 0.400076
preproc: 0.482451
compute: 0.645393