inputs: 1000
queries: 10
setup: 0.402105
preproc: 1.198143
compute: 0.384822