inputs: 10000
queries: 1000
setup: 0.385855
preproc: 0.003002
compute: 3.560928