inputs: 5000
queries: 50
setup: 0.060053
preproc: 0.010731
compute: 0.003929