inputs: 1000
queries: 10
setup: 0.391949
preproc: 0.395057
compute: 0.384720