inputs: 10000
queries: 100
setup: 0.386298
preproc: 2.720320
compute: 0.408418