inputs: 1000
queries: 10
setup: 0.414184
preproc: 0.409031
compute: 0.417670