inputs: 1000
queries: 10
setup: 0.401735
preproc: 1.010249
compute: 0.013221