inputs: 1000
queries: 10
setup: 0.404613
preproc: 0.336328
compute: 0.357819