inputs: 10000
queries: 100
setup: 0.399533
preproc: 0.003077
compute: 0.780449