inputs: 1000
queries: 10
setup: 0.386076
preproc: 0.003865
compute: 0.349541