inputs: 1000
queries: 10
setup: 0.362144
preproc: 0.324820
compute: 0.308829