inputs: 1000
queries: 10
setup: 0.393142
preproc: 0.339138
compute: 0.350029