inputs: 1000
queries: 10
setup: 0.409794
preproc: 0.414222
compute: 0.136752