inputs: 5000
queries: 50
setup: 0.398139
preproc: 2.469168
compute: 0.416316