inputs: 1000
queries: 10
setup: 0.419182
preproc: 1.144754
compute: 0.404389