inputs: 10000
queries: 100
setup: 0.400764
preproc: 0.946547
compute: 0.003919