inputs: 1000
queries: 10
setup: 11.421359
preproc: 0.358530
compute: 0.132797