inputs: 10000
queries: 1000
setup: 0.384143
preproc: 2.710126
compute: 0.491522