inputs: 1000
queries: 10
setup: 0.387110
preproc: 1.081617
compute: 0.035757