inputs: 1000
queries: 10
setup: 0.395588
preproc: 0.329690
compute: 0.332164