inputs: 1000
queries: 10
setup: 0.413550
preproc: 0.449608
compute: 0.403362