inputs: 1000
queries: 10
setup: 0.425613
preproc: 0.408800
compute: 0.407480