inputs: 10000
queries: 100
setup: 0.385814
preproc: 0.508340
compute: 0.414697