inputs: 1000
queries: 10
setup: 0.389982
preproc: 0.389323
compute: 0.397003