inputs: 1000
queries: 10
setup: 0.377959
preproc: 0.003646
compute: 0.341650