inputs: 1000
queries: 10
setup: 0.382262
preproc: 0.002822
compute: 0.330224