inputs: 1000
queries: 10
setup: 0.408423
preproc: 2.218307
compute: 0.038101