inputs: 10000
queries: 100
setup: 0.390999
preproc: 1.710118
compute: 0.151838