inputs: 10000
queries: 1000
setup: 0.388734
preproc: 0.443217
compute: 0.362375