inputs: 10000
queries: 1000
setup: 0.415354
preproc: 0.477195
compute: 0.142941