inputs: 10000
queries: 1000
setup: 0.396569
preproc: 1.741294
compute: 0.175477