inputs: 1000
queries: 10
setup: 0.398539
preproc: 2.197070
compute: 0.037714