inputs: 10000
queries: 100
setup: 0.391517
preproc: 0.475268
compute: 0.641811