inputs: 5000
queries: 50
setup: 0.409437
preproc: 0.472371
compute: 0.443208