inputs: 1000
queries: 10
setup: 0.405320
preproc: 0.422117
compute: 0.144839