inputs: 1000
queries: 10
setup: 0.352547
preproc: 0.316101
compute: 0.322479