inputs: 5000
queries: 50
setup: 0.397909
preproc: 0.002933
compute: 0.541378