inputs: 10000
queries: 100
setup: 0.407825
preproc: 2.743364
compute: 0.420879