inputs: 10000
queries: 1000
setup: 0.387883
preproc: 0.002912
compute: 3.648537