inputs: 5000
queries: 50
setup: 0.401674
preproc: 0.416411
compute: 0.342595