inputs: 10000
queries: 100
setup: 0.388339
preproc: 22.608322
compute: 0.443692