inputs: 5000
queries: 50
setup: 0.398374
preproc: 0.417922
compute: 0.127527