inputs: 10000
queries: 100
setup: 0.393577
preproc: 0.452696
compute: 0.346578