inputs: 1000
queries: 10
setup: 0.394025
preproc: 0.002845
compute: 0.412954