inputs: 5000
queries: 50
setup: 0.390959
preproc: 7.249500
compute: 0.410662