inputs: 10000
queries: 100
setup: 0.381076
preproc: 0.500335
compute: 0.419302