inputs: 1000
queries: 10
setup: 0.397599
preproc: 0.364456
compute: 0.402129