inputs: 10000
queries: 1000
setup: 0.401454
preproc: 0.489376
compute: 2.883424