inputs: 1000
queries: 10
setup: 3.459268
preproc: 2.080207
compute: 0.012607