inputs: 10000
queries: 1000
setup: 0.390369
preproc: 0.460875
compute: 2.773215