inputs: 10000
queries: 100
setup: 0.441306
preproc: 0.003289
compute: 0.815664