inputs: 5000
queries: 50
setup: 0.384363
preproc: 0.418200
compute: 0.478933