inputs: 10000
queries: 100
setup: 0.403583
preproc: 23.420177
compute: 0.475761