inputs: 1000
queries: 10
setup: 0.627471
preproc: 0.003737
compute: 0.338788