inputs: 10000
queries: 1000
setup: 0.395468
preproc: 0.442893
compute: 0.135737