inputs: 5000
queries: 50
setup: 0.426586
preproc: 7.513347
compute: 0.422359