inputs: 5000
queries: 50
setup: 0.387133
preproc: 0.423841
compute: 0.482720