inputs: 1000
queries: 10
setup: 0.407177
preproc: 0.883915
compute: 0.003711