inputs: 10000
queries: 100
setup: 0.396209
preproc: 2.761144
compute: 0.405346