inputs: 1000
queries: 10
setup: 0.397938
preproc: 0.863433
compute: 0.003584