inputs: 1000
queries: 10
setup: 0.424635
preproc: 1.010483
compute: 0.013904