inputs: 5000
queries: 50
setup: 0.392447
preproc: 0.403779
compute: 0.342646