inputs: 1000
queries: 10
setup: 0.411106
preproc: 0.002919
compute: 0.353159