inputs: 1000
queries: 10
setup: 0.377140
preproc: 0.003447
compute: 0.336416