inputs: 1000
queries: 10
setup: 0.403446
preproc: 1.124281
compute: 0.038378