inputs: 10000
queries: 1000
setup: 0.391325
preproc: 1.734804
compute: 0.171210