inputs: 1000
queries: 10
setup: 0.398824
preproc: 0.397231
compute: 0.129691