inputs: 1000
queries: 10
setup: 3.395972
preproc: 2.064077
compute: 0.013085