inputs: 10000
queries: 100
setup: 0.399072
preproc: 2.052611
compute: 0.420548