inputs: 10000
queries: 1000
setup: 0.385642
preproc: 22.950894
compute: 0.909173