inputs: 5000
queries: 50
setup: 0.401786
preproc: 0.435771
compute: 0.495137