inputs: 1000
queries: 10
setup: 0.388481
preproc: 0.002891
compute: 0.397898