inputs: 1000
queries: 10
setup: 0.843297
preproc: 0.004225
compute: 0.368020