inputs: 10000
queries: 1000
setup: 0.059607
preproc: 0.014255
compute: 0.013673