inputs: 1000
queries: 10
setup: 0.397485
preproc: 1.223329
compute: 0.393475