inputs: 1000
queries: 10
setup: 0.422995
preproc: 1.010415
compute: 0.013748