inputs: 10000
queries: 1000
setup: 0.387905
preproc: 0.442821
compute: 0.352976