inputs: 10000
queries: 100
setup: 0.390858
preproc: 0.469980
compute: 0.628958