inputs: 1000
queries: 10
setup: 0.357702
preproc: 0.378556
compute: 0.387463