inputs: 10000
queries: 100
setup: 0.392171
preproc: 0.437701
compute: 0.346297