inputs: 10000
queries: 1000
setup: 0.386886
preproc: 0.511556
compute: 0.670370