inputs: 10000
queries: 1000
setup: 0.404521
preproc: 0.462669
compute: 0.135675