inputs: 10000
queries: 1000
setup: 0.406117
preproc: 0.965990
compute: 0.007197