inputs: 5000
queries: 50
setup: 0.386387
preproc: 2.356614
compute: 0.398424