inputs: 10000
queries: 100
setup: 0.383946
preproc: 1.690870
compute: 0.149678