inputs: 1000
queries: 10
setup: 0.407895
preproc: 0.874716
compute: 0.003707