inputs: 1000
queries: 10
setup: 0.386356
preproc: 0.388425
compute: 0.396981