inputs: 10000
queries: 1000
setup: 0.363139
preproc: 0.002493
compute: 3.108178