inputs: 1000
queries: 10
setup: 0.386699
preproc: 0.379503
compute: 0.342643