inputs: 10000
queries: 100
setup: 0.386654
preproc: 0.509759
compute: 0.423772