inputs: 10000
queries: 1000
setup: 0.389510
preproc: 0.441772
compute: 0.134096