inputs: 10000
queries: 100
setup: 0.400732
preproc: 0.527016
compute: 0.435932