inputs: 10000
queries: 100
setup: 0.418063
preproc: 0.998273
compute: 0.004183