inputs: 1000
queries: 10
setup: 10.011945
preproc: 0.315113
compute: 0.132098