inputs: 1000
queries: 10
setup: 0.399242
preproc: 2.222738
compute: 0.037604