inputs: 5000
queries: 50
setup: 0.396699
preproc: 0.902691
compute: 0.003566