inputs: 1000
queries: 10
setup: 0.389045
preproc: 0.003924
compute: 0.344810