inputs: 10000
queries: 1000
setup: 0.415723
preproc: 0.528054
compute: 2.908944