inputs: 10000
queries: 1000
setup: 0.399534
preproc: 2.708408
compute: 0.430651