inputs: 10000
queries: 100
setup: 0.393471
preproc: 0.011166
compute: 0.827805