inputs: 1000
queries: 10
setup: 0.449949
preproc: 0.943628
compute: 0.003738