inputs: 10000
queries: 1000
setup: 0.407902
preproc: 2.872338
compute: 0.519134