inputs: 10000
queries: 100
setup: 0.363374
preproc: 0.002643
compute: 0.712247