inputs: 1000
queries: 10
setup: 0.392611
preproc: 2.129886
compute: 0.400148