inputs: 10000
queries: 1000
setup: 0.390745
preproc: 0.472106
compute: 2.802666