inputs: 10000
queries: 100
setup: 0.408849
preproc: 1.011309
compute: 0.014414