inputs: 5000
queries: 50
setup: 0.404592
preproc: 0.918587
compute: 0.003726