inputs: 1000
queries: 10
setup: 0.400382
preproc: 0.889008
compute: 0.003736