inputs: 1000
queries: 10
setup: 0.403127
preproc: 0.359245
compute: 0.325986