inputs: 10000
queries: 1000
setup: 0.390610
preproc: 0.440794
compute: 0.350891