inputs: 1000
queries: 10
setup: 0.404236
preproc: 0.866112
compute: 0.039891