inputs: 10000
queries: 100
setup: 0.391474
preproc: 2.776341
compute: 0.414579