inputs: 1000
queries: 10
setup: 0.383775
preproc: 0.320699
compute: 0.328407