inputs: 5000
queries: 50
setup: 0.385277
preproc: 0.415646
compute: 0.481860