inputs: 1000
queries: 10
setup: 0.435254
preproc: 2.014380
compute: 0.017228