inputs: 5000
queries: 50
setup: 0.398080
preproc: 0.435594
compute: 0.486582