inputs: 10000
queries: 100
setup: 0.402186
preproc: 2.756893
compute: 0.434597