inputs: 10000
queries: 1000
setup: 0.418964
preproc: 1.725924
compute: 0.175442