inputs: 10000
queries: 1000
setup: 0.387925
preproc: 2.695225
compute: 0.489370