inputs: 1000
queries: 10
setup: 0.388229
preproc: 0.386489
compute: 0.339456