inputs: 10000
queries: 100
setup: 0.395218
preproc: 0.457791
compute: 0.135444