inputs: 10000
queries: 1000
setup: 0.384859
preproc: 2.748530
compute: 0.483608