inputs: 10000
queries: 100
setup: 0.362077
preproc: 0.430874
compute: 0.331691