inputs: 10000
queries: 100
setup: 0.404317
preproc: 0.455829
compute: 0.356039