inputs: 10000
queries: 100
setup: 0.401341
preproc: 0.003148
compute: 0.795013