inputs: 5000
queries: 50
setup: 0.386333
preproc: 0.002850
compute: 0.529954