inputs: 1000
queries: 10
setup: 0.392602
preproc: 2.149744
compute: 0.400337