inputs: 1000
queries: 10
setup: 11.158288
preproc: 0.318739
compute: 0.124913