inputs: 10000
queries: 100
setup: 0.382555
preproc: 0.459433
compute: 0.630095