inputs: 5000
queries: 50
setup: 0.394933
preproc: 0.003083
compute: 0.536895