inputs: 1000
queries: 10
setup: 0.413520
preproc: 2.178263
compute: 0.036523