inputs: 1000
queries: 10
setup: 0.379813
preproc: 0.003524
compute: 0.344433