inputs: 5000
queries: 50
setup: 0.389486
preproc: 0.420373
compute: 0.485673