inputs: 1000
queries: 10
setup: 0.403105
preproc: 1.083828
compute: 0.037287