inputs: 10000
queries: 100
setup: 0.413251
preproc: 2.828378
compute: 0.456759