inputs: 10000
queries: 1000
setup: 0.410103
preproc: 0.498225
compute: 0.136505