inputs: 1000
queries: 10
setup: 0.395592
preproc: 0.002798
compute: 0.418315