inputs: 10000
queries: 100
setup: 0.063088
preproc: 0.013153
compute: 0.005417