inputs: 10000
queries: 1000
setup: 0.059901
preproc: 0.013807
compute: 0.014380