inputs: 10000
queries: 100
setup: 0.389918
preproc: 2.808036
compute: 0.416063