inputs: 10000
queries: 100
setup: 0.363370
preproc: 0.494097
compute: 0.405209