inputs: 10000
queries: 100
setup: 0.390822
preproc: 0.002941
compute: 0.749949