inputs: 1000
queries: 10
setup: 0.385494
preproc: 1.144626
compute: 0.382712