inputs: 1000
queries: 10
setup: 0.414242
preproc: 0.388051
compute: 0.125062