inputs: 5000
queries: 50
setup: 0.387636
preproc: 0.445453
compute: 0.404383