inputs: 10000
queries: 100
setup: 0.387444
preproc: 0.464492
compute: 0.628477