inputs: 1000
queries: 10
setup: 0.368389
preproc: 1.851533
compute: 0.394964