inputs: 1000
queries: 10
setup: 0.384120
preproc: 0.383167
compute: 0.125844