inputs: 1000
queries: 10
setup: 0.412701
preproc: 2.191761
compute: 0.425688