inputs: 1000
queries: 10
setup: 0.389785
preproc: 0.391535
compute: 0.412204