inputs: 1000
queries: 10
setup: 0.388281
preproc: 0.385114
compute: 0.407926