inputs: 10000
queries: 100
setup: 0.401495
preproc: 2.016480
compute: 0.412154