inputs: 1000
queries: 10
setup: 0.383525
preproc: 0.391094
compute: 0.388170