inputs: 1000
queries: 10
setup: 0.393234
preproc: 0.002944
compute: 0.427342