inputs: 1000
queries: 10
setup: 0.360864
preproc: 0.382984
compute: 0.377883