inputs: 5000
queries: 50
setup: 0.063794
preproc: 0.008457
compute: 0.003894