inputs: 1000
queries: 10
setup: 0.391047
preproc: 0.002840
compute: 0.338506