inputs: 1000
queries: 10
setup: 0.410041
preproc: 1.168634
compute: 0.415948