inputs: 1000
queries: 10
setup: 0.391109
preproc: 2.166653
compute: 0.036686