inputs: 1000
queries: 10
setup: 0.387754
preproc: 0.407777
compute: 0.414546