inputs: 10000
queries: 1000
setup: 0.412110
preproc: 1.010840
compute: 0.017037