inputs: 5000
queries: 50
setup: 0.364068
preproc: 8.545075
compute: 0.398545