inputs: 1000
queries: 10
setup: 0.401324
preproc: 1.079924
compute: 0.036684