inputs: 1000
queries: 10
setup: 0.392126
preproc: 0.002818
compute: 0.334795