inputs: 1000
queries: 10
setup: 0.396296
preproc: 0.336428
compute: 0.326488