inputs: 1000
queries: 10
setup: 0.382112
preproc: 0.313729
compute: 0.325619