inputs: 5000
queries: 50
setup: 0.392566
preproc: 0.002950
compute: 0.534897