inputs: 10000
queries: 1000
setup: 0.390270
preproc: 0.475788
compute: 2.807007