inputs: 5000
queries: 50
setup: 0.414017
preproc: 0.451033
compute: 0.521285