inputs: 10000
queries: 1000
setup: 0.390244
preproc: 0.464480
compute: 0.364587