inputs: 10000
queries: 1000
setup: 0.388948
preproc: 0.003071
compute: 3.569994