inputs: 1000
queries: 10
setup: 0.400970
preproc: 1.010750
compute: 0.013730