inputs: 10000
queries: 100
setup: 0.385430
preproc: 0.498528
compute: 0.414955