inputs: 10000
queries: 100
setup: 0.428721
preproc: 2.747496
compute: 0.412046