inputs: 10000
queries: 100
setup: 0.387008
preproc: 2.750027
compute: 0.417045