inputs: 1000
queries: 10
setup: 0.385714
preproc: 2.142965
compute: 0.391279