inputs: 1000
queries: 10
setup: 0.373315
preproc: 0.004025
compute: 0.334448