inputs: 1000
queries: 10
setup: 0.407643
preproc: 0.412212
compute: 0.404677