inputs: 10000
queries: 1000
setup: 0.397144
preproc: 1.010525
compute: 0.016766