inputs: 10000
queries: 1000
setup: 0.387654
preproc: 0.507768
compute: 0.686221