inputs: 10000
queries: 100
setup: 0.396177
preproc: 0.516032
compute: 0.424104