inputs: 10000
queries: 1000
setup: 0.064383
preproc: 0.013434
compute: 0.013491