inputs: 10000
queries: 100
setup: 0.393129
preproc: 0.472427
compute: 0.632367