inputs: 10000
queries: 1000
setup: 0.405079
preproc: 2.822343
compute: 0.516173