inputs: 1000
queries: 10
setup: 0.387442
preproc: 0.384937
compute: 0.393973