inputs: 1000
queries: 10
setup: 0.381173
preproc: 0.003473
compute: 0.339178