inputs: 1000
queries: 10
setup: 0.411579
preproc: 0.395941
compute: 0.126821