inputs: 1000
queries: 10
setup: 0.397477
preproc: 2.279272
compute: 0.037247