inputs: 1000
queries: 10
setup: 0.386233
preproc: 0.002821
compute: 0.405109