inputs: 10000
queries: 100
setup: 0.425430
preproc: 1.007755
compute: 0.003872