inputs: 1000
queries: 10
setup: 0.352182
preproc: 0.003470
compute: 0.344569