inputs: 1000
queries: 10
setup: 0.388734
preproc: 2.217220
compute: 0.397257