inputs: 10000
queries: 1000
setup: 0.059603
preproc: 0.013520
compute: 0.013855