inputs: 10000
queries: 1000
setup: 0.402484
preproc: 0.484584
compute: 2.827005