inputs: 10000
queries: 1000
setup: 0.391739
preproc: 0.451850
compute: 0.352171