inputs: 1000
queries: 10
setup: 0.389173
preproc: 0.003632
compute: 0.353812