inputs: 1000
queries: 10
setup: 0.384245
preproc: 0.391208
compute: 0.387306