inputs: 10000
queries: 100
setup: 0.388501
preproc: 0.442165
compute: 0.341353