inputs: 10000
queries: 100
setup: 0.389019
preproc: 0.002977
compute: 0.767741