inputs: 1000
queries: 10
setup: 0.355130
preproc: 0.002347
compute: 0.322328