inputs: 1000
queries: 10
setup: 0.389743
preproc: 1.203639
compute: 0.382271