inputs: 1000
queries: 10
setup: 0.386153
preproc: 1.116131
compute: 0.396267