inputs: 1000
queries: 10
setup: 0.397628
preproc: 0.390713
compute: 0.124985