inputs: 1000
queries: 10
setup: 0.390384
preproc: 2.130398
compute: 0.399581