inputs: 1000
queries: 10
setup: 3.485801
preproc: 2.061220
compute: 0.012595