inputs: 1000
queries: 10
setup: 0.369197
preproc: 0.329097
compute: 0.317422