inputs: 1000
queries: 10
setup: 0.060887
preproc: 0.004033
compute: 0.002792