inputs: 1000
queries: 10
setup: 0.439119
preproc: 1.010540
compute: 0.014308