inputs: 1000
queries: 10
setup: 0.402212
preproc: 1.010302
compute: 0.013057