inputs: 1000
queries: 10
setup: 0.387402
preproc: 0.324311
compute: 0.310971