inputs: 1000
queries: 10
setup: 11.823328
preproc: 0.322925
compute: 0.124719