inputs: 1000
queries: 10
setup: 0.414454
preproc: 0.410383
compute: 0.362792