inputs: 10000
queries: 1000
setup: 0.063428
preproc: 0.015999
compute: 0.015417