inputs: 10000
queries: 1000
setup: 0.406237
preproc: 0.956620
compute: 0.007667