inputs: 1000
queries: 10
setup: 13.050370
preproc: 0.004158
compute: 0.002855