inputs: 1000
queries: 10
setup: 0.390806
preproc: 0.382475
compute: 0.339669