inputs: 1000
queries: 10
setup: 0.384931
preproc: 0.319650
compute: 0.312550