inputs: 1000
queries: 10
setup: 12.137994
preproc: 0.340593
compute: 0.134587