inputs: 10000
queries: 100
setup: 0.405588
preproc: 0.961939
compute: 0.003975