inputs: 1000
queries: 10
setup: 0.403857
preproc: 2.150605
compute: 0.038390