inputs: 10000
queries: 1000
setup: 0.420393
preproc: 2.768396
compute: 0.473144