inputs: 1000
queries: 10
setup: 0.401458
preproc: 2.211662
compute: 0.414240