inputs: 5000
queries: 50
setup: 0.424170
preproc: 2.013493
compute: 0.014701