inputs: 10000
queries: 1000
setup: 0.067694
preproc: 0.014890
compute: 0.014621