inputs: 10000
queries: 100
setup: 0.050716
preproc: 0.014826
compute: 0.004745