inputs: 1000
queries: 10
setup: 0.416901
preproc: 0.421736
compute: 0.431406