inputs: 10000
queries: 100
setup: 0.389496
preproc: 0.469124
compute: 0.636892