inputs: 5000
queries: 50
setup: 0.394511
preproc: 0.426630
compute: 0.484220