inputs: 10000
queries: 100
setup: 0.393259
preproc: 0.442118
compute: 0.130043