inputs: 5000
queries: 50
setup: 0.393595
preproc: 0.406742
compute: 0.128705