inputs: 1000
queries: 10
setup: 0.381441
preproc: 2.140131
compute: 0.036146