inputs: 1000
queries: 10
setup: 0.397560
preproc: 2.169955
compute: 0.037949