inputs: 1000
queries: 10
setup: 0.415886
preproc: 0.408288
compute: 0.365269