inputs: 1000
queries: 10
setup: 0.391460
preproc: 0.325734
compute: 0.319199