inputs: 10000
queries: 100
setup: 0.417598
preproc: 0.503513
compute: 0.665757