inputs: 1000
queries: 10
setup: 0.387269
preproc: 2.246156
compute: 0.404168