inputs: 1000
queries: 10
setup: 0.378564
preproc: 0.003655
compute: 0.357593