inputs: 1000
queries: 10
setup: 0.375705
preproc: 0.831314
compute: 0.008002