inputs: 10000
queries: 1000
setup: 0.402471
preproc: 0.003093
compute: 3.635138