inputs: 1000
queries: 10
setup: 0.381433
preproc: 2.148569
compute: 0.390053