inputs: 10000
queries: 1000
setup: 0.408556
preproc: 2.014973
compute: 0.018510