inputs: 10000
queries: 100
setup: 0.395274
preproc: 0.465292
compute: 0.364628