inputs: 10000
queries: 100
setup: 0.398057
preproc: 0.537865
compute: 0.444688