inputs: 5000
queries: 50
setup: 0.395503
preproc: 0.466957
compute: 0.523431