inputs: 10000
queries: 100
setup: 0.066393
preproc: 0.013648
compute: 0.005693