inputs: 5000
queries: 50
setup: 0.060722
preproc: 0.008586
compute: 0.003788