inputs: 5000
queries: 50
setup: 0.385706
preproc: 0.422393
compute: 0.475315