inputs: 10000
queries: 100
setup: 0.394221
preproc: 0.511852
compute: 0.424962