inputs: 1000
queries: 10
setup: 0.404061
preproc: 0.002932
compute: 0.348139