inputs: 1000
queries: 10
setup: 0.379670
preproc: 0.003768
compute: 0.342171