inputs: 1000
queries: 10
setup: 0.387668
preproc: 0.381592
compute: 0.400469