inputs: 1000
queries: 10
setup: 0.413798
preproc: 0.903526
compute: 0.003769