inputs: 1000
queries: 10
setup: 0.404671
preproc: 1.096302
compute: 0.036426