inputs: 5000
queries: 50
setup: 0.396419
preproc: 2.457281
compute: 0.221394