inputs: 10000
queries: 100
setup: 0.365162
preproc: 0.459188
compute: 0.619685