inputs: 5000
queries: 50
setup: 0.414213
preproc: 2.411865
compute: 0.416202