inputs: 10000
queries: 100
setup: 0.441949
preproc: 2.014334
compute: 0.014687