inputs: 1000
queries: 10
setup: 0.383312
preproc: 1.194533
compute: 0.384291