inputs: 1000
queries: 10
setup: 0.398714
preproc: 0.003148
compute: 0.342599