inputs: 5000
queries: 50
setup: 0.414841
preproc: 2.477223
compute: 0.447453