inputs: 1000
queries: 10
setup: 0.400843
preproc: 0.390430
compute: 0.398925