inputs: 10000
queries: 100
setup: 0.384398
preproc: 0.464011
compute: 0.628561