inputs: 10000
queries: 1000
setup: 0.387181
preproc: 0.464077
compute: 2.851458