inputs: 1000
queries: 10
setup: 10.154706
preproc: 0.312195
compute: 0.122665