inputs: 10000
queries: 100
setup: 0.059108
preproc: 0.013245
compute: 0.005566