inputs: 10000
queries: 100
setup: 0.400362
preproc: 1.699069
compute: 0.150971