inputs: 10000
queries: 100
setup: 0.400679
preproc: 2.835459
compute: 0.429481