inputs: 1000
queries: 10
setup: 0.385077
preproc: 1.166736
compute: 0.404688