inputs: 1000
queries: 10
setup: 0.419409
preproc: 0.421491
compute: 0.439214