inputs: 1000
queries: 10
setup: 0.391507
preproc: 0.003862
compute: 0.344223