inputs: 1000
queries: 10
setup: 2.147841
preproc: 1.112549
compute: 0.037333