inputs: 10000
queries: 100
setup: 0.387659
preproc: 1.703103
compute: 0.150589