inputs: 1000
queries: 10
setup: 0.420918
preproc: 0.929916
compute: 0.003839