inputs: 1000
queries: 10
setup: 0.413087
preproc: 0.391215
compute: 0.395977