inputs: 1000
queries: 10
setup: 0.387968
preproc: 0.326103
compute: 0.324929