inputs: 10000
queries: 1000
setup: 0.416373
preproc: 0.506706
compute: 2.873211