inputs: 10000
queries: 1000
setup: 0.361750
preproc: 2.393731
compute: 0.426340