inputs: 1000
queries: 10
setup: 0.386878
preproc: 0.322276
compute: 0.335673