inputs: 5000
queries: 50
setup: 0.395308
preproc: 1.010328
compute: 0.013050