inputs: 5000
queries: 50
setup: 0.397129
preproc: 1.009685
compute: 0.012833