inputs: 10000
queries: 1000
setup: 0.384343
preproc: 0.504790
compute: 0.674384