inputs: 1000
queries: 10
setup: 0.407656
preproc: 0.425210
compute: 0.421701