inputs: 1000
queries: 10
setup: 0.393709
preproc: 0.381193
compute: 0.341320