inputs: 1000
queries: 10
setup: 0.063643
preproc: 0.004071
compute: 0.002839