inputs: 1000
queries: 10
setup: 0.381283
preproc: 0.002893
compute: 0.324902