inputs: 5000
queries: 50
setup: 0.394740
preproc: 0.003054
compute: 0.545208