inputs: 5000
queries: 50
setup: 0.060314
preproc: 0.008635
compute: 0.003937