inputs: 5000
queries: 50
setup: 0.391422
preproc: 2.410848
compute: 0.224285