inputs: 5000
queries: 50
setup: 0.394195
preproc: 0.411339
compute: 0.125923