inputs: 5000
queries: 50
setup: 0.061183
preproc: 0.008759
compute: 0.003932