inputs: 1000
queries: 10
setup: 0.409725
preproc: 0.389283
compute: 0.123684