inputs: 10000
queries: 100
setup: 0.060622
preproc: 0.014019
compute: 0.005923