inputs: 1000
queries: 10
setup: 0.409811
preproc: 2.178286
compute: 0.037295