inputs: 5000
queries: 50
setup: 0.418426
preproc: 0.940525
compute: 0.003913