inputs: 5000
queries: 50
setup: 0.060560
preproc: 0.008210
compute: 0.003786