inputs: 1000
queries: 10
setup: 0.375170
preproc: 0.314991
compute: 0.321843