inputs: 10000
queries: 100
setup: 0.367418
preproc: 1.537431
compute: 0.148609