inputs: 1000
queries: 10
setup: 0.413796
preproc: 2.221123
compute: 0.037925