inputs: 1000
queries: 10
setup: 0.388148
preproc: 0.373760
compute: 0.125645