inputs: 5000
queries: 50
setup: 0.411750
preproc: 0.458566
compute: 0.548086