inputs: 10000
queries: 100
setup: 0.398839
preproc: 0.521220
compute: 0.432894