inputs: 1000
queries: 10
setup: 0.385781
preproc: 1.087599
compute: 0.385281