inputs: 1000
queries: 10
setup: 0.402214
preproc: 1.092577
compute: 0.036350