inputs: 1000
queries: 10
setup: 0.394770
preproc: 0.871463
compute: 0.003694