inputs: 10000
queries: 1000
setup: 0.389623
preproc: 0.468094
compute: 2.804176