inputs: 5000
queries: 50
setup: 0.391839
preproc: 2.344310
compute: 0.400705