inputs: 1000
queries: 10
setup: 0.381192
preproc: 0.313039
compute: 0.324633