inputs: 1000
queries: 10
setup: 0.412814
preproc: 1.162468
compute: 0.386256