inputs: 10000
queries: 1000
setup: 0.393760
preproc: 2.465277
compute: 0.452844