inputs: 1000
queries: 10
setup: 0.390073
preproc: 0.325577
compute: 0.331482