inputs: 1000
queries: 10
setup: 0.393401
preproc: 0.337833
compute: 0.341096