inputs: 1000
queries: 10
setup: 0.394924
preproc: 2.116134
compute: 0.398842