inputs: 10000
queries: 100
setup: 0.060102
preproc: 0.013682
compute: 0.005576