inputs: 1000
queries: 10
setup: 0.384417
preproc: 0.386671
compute: 0.377970