inputs: 1000
queries: 10
setup: 0.385458
preproc: 2.089658
compute: 0.388201