inputs: 10000
queries: 100
setup: 0.392268
preproc: 0.442106
compute: 0.348205