inputs: 10000
queries: 1000
setup: 0.409229
preproc: 0.540741
compute: 0.710570