inputs: 1000
queries: 10
setup: 0.415231
preproc: 2.210375
compute: 0.037177