inputs: 10000
queries: 100
setup: 0.398027
preproc: 1.732013
compute: 0.155213