inputs: 1000
queries: 10
setup: 4.816894
preproc: 2.166701
compute: 0.012844