inputs: 10000
queries: 1000
setup: 0.400585
preproc: 0.954683
compute: 0.007287