inputs: 10000
queries: 100
setup: 0.390524
preproc: 2.730959
compute: 0.412986