inputs: 10000
queries: 100
setup: 0.429823
preproc: 1.010501
compute: 0.004365