inputs: 1000
queries: 10
setup: 0.404988
preproc: 0.426433
compute: 0.407771