inputs: 10000
queries: 1000
setup: 0.412164
preproc: 0.968433
compute: 0.007456