inputs: 5000
queries: 50
setup: 0.414427
preproc: 0.435338
compute: 0.379371