inputs: 5000
queries: 50
setup: 0.390619
preproc: 0.412287
compute: 0.345425