inputs: 10000
queries: 1000
setup: 0.409644
preproc: 0.488303
compute: 0.365476