inputs: 10000
queries: 100
setup: 0.392278
preproc: 2.829595
compute: 0.423489