inputs: 10000
queries: 1000
setup: 0.421540
preproc: 23.266768
compute: 0.913872