inputs: 10000
queries: 1000
setup: 0.362925
preproc: 0.436136
compute: 0.129132