inputs: 5000
queries: 50
setup: 0.060703
preproc: 0.008698
compute: 0.004054