inputs: 10000
queries: 1000
setup: 0.361914
preproc: 0.436191
compute: 0.134182