inputs: 1000
queries: 10
setup: 0.401532
preproc: 0.390431
compute: 0.351751