inputs: 1000
queries: 10
setup: 0.395658
preproc: 0.389131
compute: 0.397514