inputs: 1000
queries: 10
setup: 0.382813
preproc: 0.319800
compute: 0.326261