inputs: 1000
queries: 10
setup: 0.404554
preproc: 0.351702
compute: 0.356119