inputs: 10000
queries: 100
setup: 0.388360
preproc: 22.473319
compute: 0.442477