inputs: 1000
queries: 10
setup: 0.386094
preproc: 0.323583
compute: 0.333975