inputs: 1000
queries: 10
setup: 0.384905
preproc: 0.002928
compute: 0.344165