inputs: 10000
queries: 100
setup: 0.360099
preproc: 2.473297
compute: 0.405092