inputs: 5000
queries: 50
setup: 0.387559
preproc: 0.445675
compute: 0.405789