inputs: 1000
queries: 10
setup: 0.384605
preproc: 1.132819
compute: 0.376662