inputs: 10000
queries: 1000
setup: 0.401906
preproc: 0.955362
compute: 0.007662