inputs: 1000
queries: 10
setup: 0.381893
preproc: 1.045470
compute: 0.035806