inputs: 10000
queries: 100
setup: 0.364480
preproc: 2.464454
compute: 0.401545