inputs: 10000
queries: 100
setup: 0.403929
preproc: 1.010309
compute: 0.013120