inputs: 10000
queries: 100
setup: 0.060120
preproc: 0.013710
compute: 0.005616