inputs: 1000
queries: 10
setup: 0.394160
preproc: 0.329139
compute: 0.327057