inputs: 10000
queries: 100
setup: 0.414775
preproc: 2.014026
compute: 0.014478