inputs: 1000
queries: 10
setup: 0.386983
preproc: 0.381980
compute: 0.335769