inputs: 10000
queries: 1000
setup: 0.407441
preproc: 0.486941
compute: 2.859390