inputs: 1000
queries: 10
setup: 0.372381
preproc: 0.003428
compute: 0.339755