inputs: 10000
queries: 100
setup: 0.399779
preproc: 22.592592
compute: 0.467932