inputs: 10000
queries: 100
setup: 0.399234
preproc: 1.010214
compute: 0.013207