inputs: 10000
queries: 1000
setup: 0.061019
preproc: 0.013672
compute: 0.013973