inputs: 5000
queries: 50
setup: 0.408303
preproc: 0.920246
compute: 0.003731