inputs: 5000
queries: 50
setup: 0.462820
preproc: 0.463434
compute: 0.376567