inputs: 10000
queries: 1000
setup: 0.352439
preproc: 0.454336
compute: 2.770594