inputs: 10000
queries: 1000
setup: 0.337265
preproc: 0.502930
compute: 0.632587