inputs: 10000
queries: 1000
setup: 0.432418
preproc: 2.778090
compute: 0.474766