inputs: 1000
queries: 10
setup: 0.401135
preproc: 2.209195
compute: 0.036921