inputs: 1000
queries: 10
setup: 0.431148
preproc: 1.129479
compute: 0.037930