inputs: 10000
queries: 1000
setup: 0.357034
preproc: 0.434605
compute: 0.133029