inputs: 10000
queries: 100
setup: 0.353580
preproc: 0.433537
compute: 0.131474