inputs: 1000
queries: 10
setup: 0.393006
preproc: 0.388056
compute: 0.401418