inputs: 1000
queries: 10
setup: 0.059187
preproc: 0.003747
compute: 0.002786