inputs: 1000
queries: 10
setup: 2.256622
preproc: 1.074793
compute: 0.035084