inputs: 1000
queries: 10
setup: 0.406419
preproc: 0.424679
compute: 0.411306