inputs: 5000
queries: 50
setup: 0.059128
preproc: 0.008131
compute: 0.003820