inputs: 10000
queries: 1000
setup: 0.398819
preproc: 0.455181
compute: 0.138961