inputs: 5000
queries: 50
setup: 0.417591
preproc: 2.013666
compute: 0.014292