inputs: 10000
queries: 100
setup: 0.400253
preproc: 0.952205
compute: 0.003876