inputs: 5000
queries: 50
setup: 0.413611
preproc: 0.449201
compute: 0.523612