inputs: 5000
queries: 50
setup: 0.389929
preproc: 2.403059
compute: 0.398108