inputs: 1000
queries: 10
setup: 0.376503
preproc: 0.003651
compute: 0.336692