inputs: 10000
queries: 1000
setup: 0.060678
preproc: 0.013228
compute: 0.013456