inputs: 10000
queries: 100
setup: 0.428417
preproc: 0.495655
compute: 0.374152