inputs: 1000
queries: 10
setup: 0.396861
preproc: 1.010455
compute: 0.012348