inputs: 10000
queries: 1000
setup: 0.402118
preproc: 1.720374
compute: 0.171891