inputs: 10000
queries: 100
setup: 0.375852
preproc: 0.454414
compute: 0.133851