inputs: 10000
queries: 1000
setup: 0.394741
preproc: 0.933896
compute: 0.006950