inputs: 10000
queries: 100
setup: 0.360896
preproc: 22.807767
compute: 0.447550