inputs: 1000
queries: 10
setup: 0.389861
preproc: 2.180110
compute: 0.039350