inputs: 1000
queries: 10
setup: 0.403601
preproc: 0.881560
compute: 0.003657