inputs: 10000
queries: 100
setup: 0.385149
preproc: 1.692517
compute: 0.150976