inputs: 1000
queries: 10
setup: 0.388356
preproc: 0.394695
compute: 0.400656