inputs: 5000
queries: 50
setup: 0.434075
preproc: 2.465488
compute: 0.426373