inputs: 10000
queries: 1000
setup: 0.364761
preproc: 0.929470
compute: 0.006800