inputs: 1000
queries: 10
setup: 0.379971
preproc: 1.155844
compute: 0.370908