inputs: 5000
queries: 50
setup: 0.419095
preproc: 0.959572
compute: 0.003839