inputs: 1000
queries: 10
setup: 0.383906
preproc: 2.131774
compute: 0.036570