inputs: 10000
queries: 100
setup: 0.061337
preproc: 0.014106
compute: 0.005921