inputs: 10000
queries: 100
setup: 0.399267
preproc: 0.948142
compute: 0.003634