inputs: 1000
queries: 10
setup: 0.373809
preproc: 0.003839
compute: 0.333336