inputs: 1000
queries: 10
setup: 12.700846
preproc: 0.316933
compute: 0.130520