inputs: 1000
queries: 10
setup: 0.405206
preproc: 0.328987
compute: 0.349488