inputs: 10000
queries: 100
setup: 0.049297
preproc: 0.015672
compute: 0.004800