inputs: 1000
queries: 10
setup: 0.397948
preproc: 0.884993
compute: 0.003716