inputs: 10000
queries: 1000
setup: 0.389879
preproc: 0.466149
compute: 2.783438