inputs: 10000
queries: 1000
setup: 0.360680
preproc: 1.689395
compute: 0.166239