inputs: 5000
queries: 50
setup: 0.368059
preproc: 0.912109
compute: 0.003697