inputs: 10000
queries: 100
setup: 0.411968
preproc: 22.785047
compute: 0.460800