inputs: 1000
queries: 10
setup: 0.349967
preproc: 0.002569
compute: 0.392522