inputs: 5000
queries: 50
setup: 0.027107
preproc: 0.007865
compute: 0.003603