inputs: 1000
queries: 10
setup: 0.397103
preproc: 0.353590
compute: 0.357610