inputs: 1000
queries: 10
setup: 10.463715
preproc: 0.311844
compute: 0.119930