inputs: 1000
queries: 10
setup: 0.356891
preproc: 0.377687
compute: 0.389094