inputs: 1000
queries: 10
setup: 0.355535
preproc: 2.099474
compute: 0.376739