inputs: 1000
queries: 10
setup: 0.349698
preproc: 1.062451
compute: 0.378924