inputs: 5000
queries: 50
setup: 0.423532
preproc: 1.368353
compute: 0.225398