inputs: 1000
queries: 10
setup: 0.348599
preproc: 0.377988
compute: 0.368873