inputs: 5000
queries: 50
setup: 0.406866
preproc: 1.010734
compute: 0.013566