inputs: 10000
queries: 1000
setup: 0.408558
preproc: 2.013436
compute: 0.018526