inputs: 1000
queries: 10
setup: 0.414491
preproc: 0.431144
compute: 0.428657