inputs: 10000
queries: 100
setup: 0.384790
preproc: 0.002983
compute: 0.770843