inputs: 10000
queries: 1000
setup: 0.061024
preproc: 0.013523
compute: 0.013876