inputs: 5000
queries: 50
setup: 0.383935
preproc: 2.376469
compute: 0.222071