inputs: 1000
queries: 10
setup: 0.359843
preproc: 0.818362
compute: 0.003012