inputs: 1000
queries: 10
setup: 0.413534
preproc: 0.902270
compute: 0.003693