inputs: 1000
queries: 10
setup: 0.439073
preproc: 0.947030
compute: 0.003898