inputs: 1000
queries: 10
setup: 0.416541
preproc: 0.422983
compute: 0.367786