inputs: 10000
queries: 1000
setup: 0.390290
preproc: 0.467149
compute: 2.799970