inputs: 5000
queries: 50
setup: 0.387987
preproc: 1.357962
compute: 0.221127