inputs: 10000
queries: 100
setup: 0.403981
preproc: 0.491141
compute: 0.653835