inputs: 1000
queries: 10
setup: 0.341520
preproc: 0.298870
compute: 0.308458