inputs: 10000
queries: 1000
setup: 0.396084
preproc: 1.721648
compute: 0.174876