inputs: 5000
queries: 50
setup: 0.355960
preproc: 0.408612
compute: 0.467014