inputs: 1000
queries: 10
setup: 0.404863
preproc: 0.886718
compute: 0.003632