inputs: 5000
queries: 50
setup: 0.387290
preproc: 2.320878
compute: 0.392887