inputs: 1000
queries: 10
setup: 0.027267
preproc: 0.003531
compute: 0.002594