inputs: 10000
queries: 1000
setup: 0.398943
preproc: 0.542848
compute: 0.691611