inputs: 10000
queries: 100
setup: 0.363455
preproc: 22.747813
compute: 0.449567