inputs: 10000
queries: 100
setup: 0.396467
preproc: 2.821208
compute: 0.419130