inputs: 1000
queries: 10
setup: 0.400664
preproc: 0.408223
compute: 0.416202