inputs: 10000
queries: 100
setup: 0.363619
preproc: 0.002966
compute: 0.768758