inputs: 1000
queries: 10
setup: 0.391199
preproc: 0.002895
compute: 0.359244