inputs: 5000
queries: 50
setup: 0.420081
preproc: 2.394430
compute: 0.447554