inputs: 10000
queries: 1000
setup: 0.394332
preproc: 0.482841
compute: 2.819237