inputs: 1000
queries: 10
setup: 16.924966
preproc: 0.003632
compute: 0.002471