inputs: 1000
queries: 10
setup: 7.131868
preproc: 0.398066
compute: 0.351455