inputs: 1000
queries: 10
setup: 0.339510
preproc: 0.381391
compute: 0.381665