inputs: 1000
queries: 10
setup: 0.388157
preproc: 2.188815
compute: 0.036733