inputs: 1000
queries: 10
setup: 3.755358
preproc: 2.066707
compute: 0.013125