inputs: 1000
queries: 10
setup: 0.417687
preproc: 0.439269
compute: 0.146380