inputs: 10000
queries: 100
setup: 0.382952
preproc: 2.664803
compute: 0.395510