inputs: 10000
queries: 1000
setup: 0.396591
preproc: 1.767566
compute: 0.177133