inputs: 1000
queries: 10
setup: 0.390746
preproc: 1.151544
compute: 0.381937