inputs: 1000
queries: 10
setup: 0.348000
preproc: 0.389473
compute: 0.360962