inputs: 1000
queries: 10
setup: 0.409596
preproc: 0.002942
compute: 0.443128