inputs: 10000
queries: 1000
setup: 0.389428
preproc: 0.003030
compute: 3.587332