inputs: 1000
queries: 10
setup: 0.337060
preproc: 1.823314
compute: 0.383323