inputs: 1000
queries: 10
setup: 0.062007
preproc: 0.004237
compute: 0.003153