inputs: 1000
queries: 10
setup: 0.386373
preproc: 1.199184
compute: 0.379879