inputs: 1000
queries: 10
setup: 7.644415
preproc: 2.045211
compute: 0.012224