inputs: 1000
queries: 10
setup: 0.457846
preproc: 0.429019
compute: 0.354199