inputs: 1000
queries: 10
setup: 0.421005
preproc: 2.269456
compute: 0.446100