inputs: 1000
queries: 10
setup: 0.420174
preproc: 2.210366
compute: 0.038125