inputs: 1000
queries: 10
setup: 10.455039
preproc: 0.299276
compute: 0.119828