inputs: 10000
queries: 100
setup: 0.409911
preproc: 2.864121
compute: 0.447150