inputs: 10000
queries: 100
setup: 0.383614
preproc: 0.460095
compute: 0.628759