inputs: 1000
queries: 10
setup: 0.390436
preproc: 2.098915
compute: 0.038936