inputs: 1000
queries: 10
setup: 0.392345
preproc: 1.223428
compute: 0.386199