inputs: 10000
queries: 1000
setup: 0.401411
preproc: 2.755903
compute: 0.477869