inputs: 10000
queries: 1000
setup: 0.399743
preproc: 2.858895
compute: 0.524029