inputs: 10000
queries: 1000
setup: 0.425234
preproc: 0.566220
compute: 0.740182