inputs: 10000
queries: 1000
setup: 0.386054
preproc: 0.445576
compute: 0.348928