inputs: 5000
queries: 50
setup: 0.406380
preproc: 1.010384
compute: 0.013242