inputs: 1000
queries: 10
setup: 0.061121
preproc: 0.003817
compute: 0.002778