inputs: 10000
queries: 100
setup: 0.401130
preproc: 1.754388
compute: 0.155715