inputs: 1000
queries: 10
setup: 0.369498
preproc: 0.861003
compute: 0.003467