inputs: 1000
queries: 10
setup: 0.384166
preproc: 0.003895
compute: 0.356910