inputs: 1000
queries: 10
setup: 0.401159
preproc: 0.879578
compute: 0.003597