inputs: 1000
queries: 10
setup: 0.867543
preproc: 0.003857
compute: 0.374475