inputs: 1000
queries: 10
setup: 0.345367
preproc: 1.818290
compute: 0.359259