inputs: 1000
queries: 10
setup: 13.737476
preproc: 0.003602
compute: 0.002298