inputs: 10000
queries: 100
setup: 0.386529
preproc: 2.735600
compute: 0.410282