inputs: 1000
queries: 10
setup: 0.349278
preproc: 2.136053
compute: 0.036430