inputs: 10000
queries: 1000
setup: 0.390514
preproc: 0.465933
compute: 2.760124