inputs: 10000
queries: 100
setup: 0.389184
preproc: 0.467180
compute: 0.632477