inputs: 10000
queries: 100
setup: 0.416668
preproc: 23.019100
compute: 0.468871