inputs: 10000
queries: 100
setup: 0.346706
preproc: 2.316508
compute: 0.369731