inputs: 10000
queries: 1000
setup: 0.060810
preproc: 0.013646
compute: 0.013972