inputs: 1000
queries: 10
setup: 12.380753
preproc: 0.004062
compute: 0.002895