inputs: 5000
queries: 50
setup: 0.397315
preproc: 2.455069
compute: 0.230087