inputs: 5000
queries: 50
setup: 0.394347
preproc: 0.416682
compute: 0.130549