inputs: 1000
queries: 10
setup: 0.399584
preproc: 0.331869
compute: 0.345190