inputs: 1000
queries: 10
setup: 11.483615
preproc: 0.003548
compute: 0.002540