inputs: 1000
queries: 10
setup: 12.339672
preproc: 0.356611
compute: 0.134292