inputs: 1000
queries: 10
setup: 0.415366
preproc: 0.883749
compute: 0.003697