inputs: 1000
queries: 10
setup: 0.389118
preproc: 2.155137
compute: 0.396261