inputs: 5000
queries: 50
setup: 0.454005
preproc: 0.003296
compute: 0.570870