inputs: 1000
queries: 10
setup: 0.394364
preproc: 0.004365
compute: 0.375479