inputs: 5000
queries: 50
setup: 0.387455
preproc: 7.585793
compute: 0.406204