inputs: 10000
queries: 1000
setup: 0.391507
preproc: 2.683722
compute: 0.432546