inputs: 10000
queries: 1000
setup: 0.050362
preproc: 0.015161
compute: 0.012555