inputs: 1000
queries: 10
setup: 0.391436
preproc: 2.154935
compute: 0.388700