inputs: 10000
queries: 100
setup: 0.061432
preproc: 0.013696
compute: 0.005892