inputs: 5000
queries: 50
setup: 0.356036
preproc: 2.328699
compute: 0.380573