inputs: 1000
queries: 10
setup: 0.413174
preproc: 0.429771
compute: 0.454387