inputs: 5000
queries: 50
setup: 0.401250
preproc: 1.362712
compute: 0.227776