inputs: 10000
queries: 1000
setup: 0.405319
preproc: 0.524577
compute: 0.680468