inputs: 5000
queries: 50
setup: 0.387759
preproc: 2.327230
compute: 0.397749