inputs: 5000
queries: 50
setup: 0.359782
preproc: 2.376728
compute: 0.401045