inputs: 10000
queries: 1000
setup: 0.349761
preproc: 0.895468
compute: 0.007674