inputs: 10000
queries: 100
setup: 0.393729
preproc: 0.444723
compute: 0.128966