inputs: 1000
queries: 10
setup: 2.441122
preproc: 1.047129
compute: 0.035958