inputs: 1000
queries: 10
setup: 0.400795
preproc: 0.414308
compute: 0.418933