inputs: 10000
queries: 100
setup: 0.390369
preproc: 0.443552
compute: 0.348683