inputs: 10000
queries: 1000
setup: 0.341498
preproc: 0.002770
compute: 3.120979