inputs: 5000
queries: 50
setup: 0.394162
preproc: 0.911297
compute: 0.003571