inputs: 1000
queries: 10
setup: 0.344713
preproc: 1.814639
compute: 0.031948