inputs: 1000
queries: 10
setup: 0.344332
preproc: 0.371022
compute: 0.319910