inputs: 5000
queries: 50
setup: 0.357231
preproc: 0.418947
compute: 0.478323