inputs: 10000
queries: 100
setup: 0.337639
preproc: 0.454803
compute: 0.601094