inputs: 1000
queries: 10
setup: 0.408322
preproc: 0.358332
compute: 0.350294