inputs: 10000
queries: 1000
setup: 0.349499
preproc: 0.444322
compute: 2.515233