inputs: 1000
queries: 10
setup: 0.408929
preproc: 0.411103
compute: 0.132032