inputs: 1000
queries: 10
setup: 0.410283
preproc: 0.002961
compute: 0.363920