inputs: 1000
queries: 10
setup: 0.063285
preproc: 0.003846
compute: 0.003137