inputs: 1000
queries: 10
setup: 0.403941
preproc: 2.189691
compute: 0.408113