inputs: 1000
queries: 10
setup: 0.352561
preproc: 0.378193
compute: 0.384804