inputs: 10000
queries: 1000
setup: 0.389593
preproc: 2.752506
compute: 0.485602