inputs: 10000
queries: 100
setup: 0.414492
preproc: 0.528730
compute: 0.445888