inputs: 5000
queries: 50
setup: 0.388290
preproc: 1.319808
compute: 0.221345