inputs: 10000
queries: 100
setup: 0.349821
preproc: 2.753811
compute: 0.405151