inputs: 10000
queries: 1000
setup: 0.401197
preproc: 2.725321
compute: 0.450477