inputs: 1000
queries: 10
setup: 0.063159
preproc: 0.003836
compute: 0.002797