inputs: 1000
queries: 10
setup: 0.350344
preproc: 2.095803
compute: 0.374224