inputs: 10000
queries: 100
setup: 0.362411
preproc: 0.445899
compute: 0.346344