inputs: 10000
queries: 100
setup: 0.384343
preproc: 22.624111
compute: 0.432963