inputs: 1000
queries: 10
setup: 0.350899
preproc: 1.163916
compute: 0.376388