inputs: 1000
queries: 10
setup: 0.439925
preproc: 0.447558
compute: 0.390743