inputs: 10000
queries: 1000
setup: 0.415531
preproc: 0.487406
compute: 0.365401