inputs: 10000
queries: 1000
setup: 0.384540
preproc: 1.681948
compute: 0.169581