inputs: 1000
queries: 10
setup: 0.427450
preproc: 2.234175
compute: 0.439524