inputs: 1000
queries: 10
setup: 0.403641
preproc: 1.098938
compute: 0.412085