inputs: 10000
queries: 100
setup: 0.363307
preproc: 0.473536
compute: 0.642180