inputs: 1000
queries: 10
setup: 0.396717
preproc: 0.865228
compute: 0.003652