inputs: 1000
queries: 10
setup: 0.384781
preproc: 0.314246
compute: 0.332804