inputs: 5000
queries: 50
setup: 0.383759
preproc: 2.361657
compute: 0.218713