inputs: 10000
queries: 100
setup: 0.351027
preproc: 1.662305
compute: 0.146902