inputs: 1000
queries: 10
setup: 3.493344
preproc: 2.062145
compute: 0.012672