inputs: 1000
queries: 10
setup: 0.392302
preproc: 1.087034
compute: 0.036289