inputs: 10000
queries: 100
setup: 0.402438
preproc: 1.010236
compute: 0.013174