inputs: 10000
queries: 100
setup: 0.409174
preproc: 2.844540
compute: 0.450983