inputs: 5000
queries: 50
setup: 0.348280
preproc: 2.407939
compute: 0.218132