inputs: 10000
queries: 100
setup: 0.414595
preproc: 0.548968
compute: 0.448847