inputs: 10000
queries: 1000
setup: 0.370467
preproc: 0.944265
compute: 0.007446