inputs: 10000
queries: 1000
setup: 0.414054
preproc: 0.465372
compute: 0.139893