inputs: 1000
queries: 10
setup: 0.372609
preproc: 0.398677
compute: 0.425214