inputs: 1000
queries: 10
setup: 0.422582
preproc: 2.192677
compute: 0.037802