inputs: 1000
queries: 10
setup: 0.395692
preproc: 0.414248
compute: 0.424370