inputs: 10000
queries: 100
setup: 0.358042
preproc: 0.497612
compute: 0.425336