inputs: 10000
queries: 100
setup: 0.386143
preproc: 0.003039
compute: 0.750127