inputs: 1000
queries: 10
setup: 0.400227
preproc: 2.189178
compute: 0.418860