inputs: 10000
queries: 1000
setup: 0.383974
preproc: 0.462498
compute: 2.802033