inputs: 5000
queries: 50
setup: 0.420988
preproc: 0.446952
compute: 0.140418