inputs: 1000
queries: 10
setup: 0.381727
preproc: 0.387404
compute: 0.374229