inputs: 1000
queries: 10
setup: 0.352309
preproc: 2.151576
compute: 0.380780