inputs: 1000
queries: 10
setup: 0.416276
preproc: 2.168121
compute: 0.415070