inputs: 1000
queries: 10
setup: 0.389847
preproc: 2.129031
compute: 0.400836