inputs: 10000
queries: 1000
setup: 0.397329
preproc: 1.010411
compute: 0.018270