inputs: 5000
queries: 50
setup: 0.351470
preproc: 0.409142
compute: 0.448373