inputs: 1000
queries: 10
setup: 0.351957
preproc: 0.393490
compute: 0.397732