inputs: 1000
queries: 10
setup: 0.398898
preproc: 2.163509
compute: 0.417708