inputs: 1000
queries: 10
setup: 0.387921
preproc: 0.382571
compute: 0.390754