inputs: 1000
queries: 10
setup: 0.409901
preproc: 0.393153
compute: 0.397449