inputs: 10000
queries: 1000
setup: 0.414131
preproc: 2.723716
compute: 0.433821