inputs: 5000
queries: 50
setup: 0.400177
preproc: 8.313087
compute: 0.432866