inputs: 10000
queries: 100
setup: 0.385385
preproc: 0.466692
compute: 0.637611