inputs: 1000
queries: 10
setup: 0.407237
preproc: 0.885237
compute: 0.003691