inputs: 5000
queries: 50
setup: 0.429142
preproc: 0.963044
compute: 0.003743