inputs: 5000
queries: 50
setup: 0.405324
preproc: 0.003145
compute: 0.558621