inputs: 1000
queries: 10
setup: 0.384689
preproc: 2.150408
compute: 0.392285