inputs: 10000
queries: 100
setup: 0.386584
preproc: 2.717713
compute: 0.405234