inputs: 1000
queries: 10
setup: 0.489438
preproc: 0.004001
compute: 0.372082