inputs: 10000
queries: 1000
setup: 0.395702
preproc: 2.851888
compute: 0.518705