inputs: 1000
queries: 10
setup: 6.669830
preproc: 2.058951
compute: 0.011469