inputs: 10000
queries: 100
setup: 0.401342
preproc: 0.530845
compute: 0.442896