inputs: 10000
queries: 100
setup: 0.059218
preproc: 0.013714
compute: 0.005454