inputs: 1000
queries: 10
setup: 0.426170
preproc: 0.443347
compute: 0.379602