inputs: 1000
queries: 10
setup: 0.396893
preproc: 1.180233
compute: 0.407394