inputs: 10000
queries: 1000
setup: 0.391442
preproc: 0.446842
compute: 0.352420