inputs: 1000
queries: 10
setup: 0.406976
preproc: 0.401797
compute: 0.367997