inputs: 10000
queries: 1000
setup: 0.425779
preproc: 2.843379
compute: 0.557170