inputs: 1000
queries: 10
setup: 0.402167
preproc: 0.401271
compute: 0.378748