inputs: 1000
queries: 10
setup: 0.398126
preproc: 1.010191
compute: 0.013236