inputs: 5000
queries: 50
setup: 0.403476
preproc: 0.917993
compute: 0.003635