inputs: 1000
queries: 10
setup: 0.362383
preproc: 0.002685
compute: 0.410831