inputs: 1000
queries: 10
setup: 0.344164
preproc: 0.299301
compute: 0.303944