inputs: 1000
queries: 10
setup: 0.408082
preproc: 1.199773
compute: 0.414390