inputs: 1000
queries: 10
setup: 0.389859
preproc: 0.002769
compute: 0.333425