inputs: 10000
queries: 100
setup: 0.389132
preproc: 0.441899
compute: 0.348754