inputs: 5000
queries: 50
setup: 0.382929
preproc: 2.338108
compute: 0.391501