inputs: 10000
queries: 1000
setup: 0.338730
preproc: 0.461996
compute: 2.557358