inputs: 10000
queries: 100
setup: 0.351246
preproc: 0.422415
compute: 0.337134