inputs: 1000
queries: 10
setup: 0.390743
preproc: 0.383474
compute: 0.128680