inputs: 1000
queries: 10
setup: 0.411696
preproc: 0.357470
compute: 0.366878