inputs: 1000
queries: 10
setup: 0.383954
preproc: 0.390615
compute: 0.338337