inputs: 10000
queries: 100
setup: 0.393523
preproc: 0.448890
compute: 0.353344