inputs: 10000
queries: 100
setup: 0.393749
preproc: 0.478094
compute: 0.640677