inputs: 5000
queries: 50
setup: 0.358796
preproc: 1.009654
compute: 0.012278