inputs: 10000
queries: 1000
setup: 0.361477
preproc: 2.707338
compute: 0.481021