inputs: 1000
queries: 10
setup: 0.399242
preproc: 0.880042
compute: 0.003660