inputs: 1000
queries: 10
setup: 7.552271
preproc: 2.108315
compute: 0.012845