inputs: 5000
queries: 50
setup: 0.050641
preproc: 0.008679
compute: 0.003031