inputs: 1000
queries: 10
setup: 0.384354
preproc: 2.134673
compute: 0.036520