inputs: 10000
queries: 1000
setup: 0.391358
preproc: 0.446715
compute: 0.366130