inputs: 1000
queries: 10
setup: 0.335814
preproc: 1.298322
compute: 0.379462