inputs: 1000
queries: 10
setup: 0.431392
preproc: 0.949745
compute: 0.003846