inputs: 1000
queries: 10
setup: 0.340745
preproc: 1.297396
compute: 0.360825