inputs: 1000
queries: 10
setup: 0.365861
preproc: 0.386904
compute: 0.130489