inputs: 10000
queries: 100
setup: 0.062131
preproc: 0.013678
compute: 0.005712