inputs: 10000
queries: 1000
setup: 0.349157
preproc: 0.441060
compute: 2.643264