inputs: 10000
queries: 1000
setup: 0.059630
preproc: 0.013143
compute: 0.013559