inputs: 1000
queries: 10
setup: 0.374527
preproc: 0.902312
compute: 0.003521