inputs: 1000
queries: 10
setup: 0.393079
preproc: 0.390258
compute: 0.353535