inputs: 5000
queries: 50
setup: 0.413614
preproc: 0.442287
compute: 0.362066