inputs: 1000
queries: 10
setup: 0.826293
preproc: 0.003086
compute: 0.326368