inputs: 5000
queries: 50
setup: 0.398287
preproc: 0.438623
compute: 0.501164