inputs: 1000
queries: 10
setup: 0.363251
preproc: 1.009840
compute: 0.012689