inputs: 1000
queries: 10
setup: 0.390518
preproc: 0.391005
compute: 0.129269