inputs: 1000
queries: 10
setup: 0.053179
preproc: 0.003723
compute: 0.002390