inputs: 10000
queries: 1000
setup: 0.355114
preproc: 0.436847
compute: 0.129557