inputs: 10000
queries: 100
setup: 0.392033
preproc: 2.759735
compute: 0.422203