inputs: 10000
queries: 1000
setup: 0.405558
preproc: 0.979588
compute: 0.007246