inputs: 10000
queries: 1000
setup: 0.385829
preproc: 2.689575
compute: 0.415220