inputs: 10000
queries: 100
setup: 0.426423
preproc: 2.014953
compute: 0.014393