inputs: 10000
queries: 1000
setup: 0.352651
preproc: 0.496516
compute: 0.662283