inputs: 1000
queries: 10
setup: 0.344011
preproc: 0.002634
compute: 0.389049