inputs: 5000
queries: 50
setup: 0.399331
preproc: 0.437087
compute: 0.495391