inputs: 1000
queries: 10
setup: 0.410392
preproc: 0.423298
compute: 0.440006