inputs: 10000
queries: 100
setup: 0.354309
preproc: 2.414010
compute: 0.380091