inputs: 10000
queries: 1000
setup: 0.346309
preproc: 1.528067
compute: 0.158958