inputs: 5000
queries: 50
setup: 0.387623
preproc: 0.003111
compute: 0.533348