inputs: 10000
queries: 1000
setup: 0.348819
preproc: 22.501308
compute: 0.897885