inputs: 1000
queries: 10
setup: 0.385236
preproc: 1.053585
compute: 0.036104