inputs: 10000
queries: 100
setup: 0.402961
preproc: 2.741418
compute: 0.426208