inputs: 10000
queries: 100
setup: 0.396732
preproc: 0.443538
compute: 0.132438