inputs: 5000
queries: 50
setup: 0.344419
preproc: 0.002715
compute: 0.483486