inputs: 1000
queries: 10
setup: 0.422959
preproc: 0.364624
compute: 0.354292