inputs: 10000
queries: 100
setup: 0.390236
preproc: 2.664801
compute: 0.405892