inputs: 1000
queries: 10
setup: 0.393014
preproc: 2.195506
compute: 0.392235