inputs: 1000
queries: 10
setup: 0.382340
preproc: 1.042043
compute: 0.035931