inputs: 1000
queries: 10
setup: 0.439457
preproc: 0.950585
compute: 0.003970