inputs: 1000
queries: 10
setup: 5.039612
preproc: 2.161046
compute: 0.399251