inputs: 1000
queries: 10
setup: 0.406243
preproc: 2.131223
compute: 0.420316