inputs: 1000
queries: 10
setup: 0.349914
preproc: 0.377442
compute: 0.382833