inputs: 10000
queries: 100
setup: 0.385277
preproc: 23.006677
compute: 0.472455