inputs: 10000
queries: 1000
setup: 0.439778
preproc: 0.941396
compute: 0.007520