inputs: 10000
queries: 100
setup: 0.335077
preproc: 2.400679
compute: 0.394091