inputs: 10000
queries: 1000
setup: 0.396703
preproc: 2.850137
compute: 0.518242