inputs: 1000
queries: 10
setup: 0.389362
preproc: 0.316636
compute: 0.329076