inputs: 1000
queries: 10
setup: 0.350799
preproc: 0.379629
compute: 0.387210