inputs: 10000
queries: 100
setup: 0.400506
preproc: 0.485652
compute: 0.654072