inputs: 1000
queries: 10
setup: 0.423159
preproc: 0.002984
compute: 0.434100