inputs: 1000
queries: 10
setup: 3.596462
preproc: 2.051533
compute: 0.012559