inputs: 5000
queries: 50
setup: 0.380545
preproc: 1.341594
compute: 0.220219