inputs: 1000
queries: 10
setup: 0.404659
preproc: 2.248240
compute: 0.428490