inputs: 10000
queries: 100
setup: 0.382172
preproc: 2.700678
compute: 0.405150