inputs: 10000
queries: 100
setup: 0.386565
preproc: 0.464821
compute: 0.638620