inputs: 10000
queries: 1000
setup: 0.390699
preproc: 0.515652
compute: 0.675020