inputs: 10000
queries: 1000
setup: 0.383929
preproc: 2.662323
compute: 0.417617