inputs: 1000
queries: 10
setup: 10.968109
preproc: 0.003593
compute: 0.002491