inputs: 1000
queries: 10
setup: 0.421977
preproc: 1.010676
compute: 0.014299