inputs: 10000
queries: 100
setup: 0.400002
preproc: 1.010673
compute: 0.013210