inputs: 1000
queries: 10
setup: 0.419479
preproc: 0.440501
compute: 0.455894