inputs: 1000
queries: 10
setup: 0.063252
preproc: 0.003790
compute: 0.002819