inputs: 1000
queries: 10
setup: 0.398112
preproc: 0.865757
compute: 0.003618