inputs: 1000
queries: 10
setup: 0.391534
preproc: 0.324547
compute: 0.315226