inputs: 1000
queries: 10
setup: 11.185265
preproc: 0.317439
compute: 0.125396