inputs: 10000
queries: 1000
setup: 0.406145
preproc: 0.972159
compute: 0.007987