inputs: 10000
queries: 1000
setup: 0.398256
preproc: 23.164987
compute: 0.906793