inputs: 10000
queries: 100
setup: 0.412949
preproc: 2.752809
compute: 0.424868