inputs: 10000
queries: 100
setup: 0.404042
preproc: 1.010925
compute: 0.013316