inputs: 1000
queries: 10
setup: 0.407986
preproc: 0.352219
compute: 0.337063