inputs: 10000
queries: 100
setup: 0.064007
preproc: 0.013056
compute: 0.005469