inputs: 1000
queries: 10
setup: 0.405608
preproc: 0.886046
compute: 0.003668