inputs: 1000
queries: 10
setup: 0.414333
preproc: 0.918994
compute: 0.003703