inputs: 1000
queries: 10
setup: 0.385458
preproc: 2.147975
compute: 0.391503