inputs: 10000
queries: 1000
setup: 0.389985
preproc: 2.749710
compute: 0.504502