inputs: 10000
queries: 1000
setup: 0.353933
preproc: 2.671190
compute: 0.475047