inputs: 10000
queries: 100
setup: 0.360718
preproc: 0.467948
compute: 0.648164