inputs: 1000
queries: 10
setup: 2.214879
preproc: 0.930610
compute: 0.032702