inputs: 5000
queries: 50
setup: 0.354840
preproc: 0.426935
compute: 0.382852