inputs: 10000
queries: 1000
setup: 0.355426
preproc: 0.441079
compute: 0.132215