inputs: 1000
queries: 10
setup: 12.277659
preproc: 0.339375
compute: 0.140649