inputs: 10000
queries: 1000
setup: 0.363654
preproc: 2.766991
compute: 0.490480