inputs: 10000
queries: 1000
setup: 0.428693
preproc: 0.587445
compute: 0.722451