inputs: 10000
queries: 1000
setup: 0.436513
preproc: 1.026796
compute: 0.008751