inputs: 10000
queries: 100
setup: 0.400743
preproc: 0.457992
compute: 0.357597