inputs: 5000
queries: 50
setup: 0.351008
preproc: 0.002393
compute: 0.497573