inputs: 1000
queries: 10
setup: 0.387849
preproc: 1.058990
compute: 0.036466