inputs: 10000
queries: 1000
setup: 0.383046
preproc: 2.707830
compute: 0.490301