inputs: 1000
queries: 10
setup: 0.385876
preproc: 0.381936
compute: 0.392976