inputs: 5000
queries: 50
setup: 0.364840
preproc: 1.010031
compute: 0.012694