inputs: 1000
queries: 10
setup: 13.232707
preproc: 0.003778
compute: 0.002772