inputs: 10000
queries: 1000
setup: 0.380371
preproc: 1.680008
compute: 0.168779