inputs: 10000
queries: 1000
setup: 0.060110
preproc: 0.013382
compute: 0.013447