inputs: 5000
queries: 50
setup: 0.387641
preproc: 8.038680
compute: 0.406564