inputs: 10000
queries: 1000
setup: 0.388191
preproc: 2.782020
compute: 0.486452