inputs: 10000
queries: 100
setup: 0.342585
preproc: 0.475046
compute: 0.384374