inputs: 1000
queries: 10
setup: 6.579063
preproc: 0.003780
compute: 0.002686