inputs: 1000
queries: 10
setup: 0.349829
preproc: 2.140317
compute: 0.035155