inputs: 10000
queries: 1000
setup: 0.362485
preproc: 1.009883
compute: 0.016575