inputs: 5000
queries: 50
setup: 0.356200
preproc: 1.314669
compute: 0.218953