inputs: 10000
queries: 100
setup: 0.363105
preproc: 0.437109
compute: 0.129032