inputs: 10000
queries: 1000
setup: 0.386258
preproc: 0.467082
compute: 2.797166