inputs: 1000
queries: 10
setup: 0.455647
preproc: 2.352808
compute: 0.481009