inputs: 5000
queries: 50
setup: 0.061856
preproc: 0.008657
compute: 0.004045