inputs: 10000
queries: 100
setup: 0.397930
preproc: 1.010621
compute: 0.013103