inputs: 1000
queries: 10
setup: 0.363785
preproc: 0.002756
compute: 0.409160