inputs: 10000
queries: 100
setup: 0.402273
preproc: 2.778964
compute: 0.416271