inputs: 1000
queries: 10
setup: 3.606975
preproc: 2.131873
compute: 0.013817