inputs: 1000
queries: 10
setup: 7.429991
preproc: 2.064141
compute: 0.012093