inputs: 5000
queries: 50
setup: 0.059082
preproc: 0.008140
compute: 0.003713