inputs: 1000
queries: 10
setup: 0.354997
preproc: 0.379017
compute: 0.338490