inputs: 1000
queries: 10
setup: 2.564500
preproc: 1.178966
compute: 0.039421