inputs: 10000
queries: 100
setup: 0.414421
preproc: 0.468801
compute: 0.134087