inputs: 1000
queries: 10
setup: 0.367037
preproc: 2.140143
compute: 0.388740