inputs: 1000
queries: 10
setup: 7.769619
preproc: 0.375974
compute: 0.338902