inputs: 1000
queries: 10
setup: 0.351352
preproc: 1.810474
compute: 0.372889