inputs: 1000
queries: 10
setup: 0.390825
preproc: 0.382591
compute: 0.347362