inputs: 1000
queries: 10
setup: 0.835958
preproc: 0.003316
compute: 0.351425