inputs: 1000
queries: 10
setup: 0.382034
preproc: 2.147446
compute: 0.386227