inputs: 1000
queries: 10
setup: 0.387182
preproc: 0.002754
compute: 0.341662