inputs: 1000
queries: 10
setup: 0.381764
preproc: 1.009804
compute: 0.012781