inputs: 5000
queries: 50
setup: 0.376489
preproc: 1.009900
compute: 0.012877