inputs: 10000
queries: 100
setup: 0.403187
preproc: 0.481343
compute: 0.668821