inputs: 1000
queries: 10
setup: 0.395710
preproc: 2.155219
compute: 0.037833