inputs: 5000
queries: 50
setup: 0.387307
preproc: 0.439584
compute: 0.400183