inputs: 1000
queries: 10
setup: 0.416878
preproc: 2.266100
compute: 0.432131