inputs: 10000
queries: 100
setup: 0.379203
preproc: 0.002968
compute: 0.756779