inputs: 1000
queries: 10
setup: 0.405738
preproc: 1.250140
compute: 0.400887