inputs: 10000
queries: 100
setup: 0.395646
preproc: 0.943646
compute: 0.003696