inputs: 1000
queries: 10
setup: 0.350098
preproc: 1.866427
compute: 0.032820