inputs: 10000
queries: 1000
setup: 0.385293
preproc: 0.464833
compute: 2.805563