inputs: 10000
queries: 100
setup: 0.422851
preproc: 0.975166
compute: 0.003899