inputs: 1000
queries: 10
setup: 0.405886
preproc: 0.002817
compute: 0.415945