inputs: 1000
queries: 10
setup: 3.653788
preproc: 2.072763
compute: 0.012862