inputs: 1000
queries: 10
setup: 0.337036
preproc: 0.374194
compute: 0.335021