inputs: 1000
queries: 10
setup: 0.384520
preproc: 2.183091
compute: 0.393515