inputs: 10000
queries: 100
setup: 0.351513
preproc: 1.687840
compute: 0.150987