inputs: 1000
queries: 10
setup: 0.421155
preproc: 1.078694
compute: 0.037725