inputs: 10000
queries: 1000
setup: 0.060495
preproc: 0.013664
compute: 0.014040