inputs: 10000
queries: 100
setup: 0.383103
preproc: 1.675705
compute: 0.149354