inputs: 10000
queries: 100
setup: 0.352841
preproc: 2.769394
compute: 0.419817