inputs: 5000
queries: 50
setup: 0.349022
preproc: 7.526674
compute: 0.396445