inputs: 1000
queries: 10
setup: 0.377747
preproc: 0.402552
compute: 0.404862