inputs: 10000
queries: 1000
setup: 0.361522
preproc: 2.678227
compute: 0.427212