inputs: 10000
queries: 100
setup: 0.391200
preproc: 0.442299
compute: 0.345013