inputs: 10000
queries: 100
setup: 0.389355
preproc: 2.785419
compute: 0.424714