inputs: 1000
queries: 10
setup: 0.355551
preproc: 0.380212
compute: 0.388733