inputs: 1000
queries: 10
setup: 0.416231
preproc: 1.010458
compute: 0.013178