inputs: 1000
queries: 10
setup: 0.395650
preproc: 0.334485
compute: 0.334594