inputs: 10000
queries: 100
setup: 0.387963
preproc: 0.463352
compute: 0.631094