inputs: 10000
queries: 1000
setup: 0.389902
preproc: 0.445258
compute: 0.351937