inputs: 5000
queries: 50
setup: 0.361381
preproc: 2.393283
compute: 0.394603