inputs: 1000
queries: 10
setup: 3.968917
preproc: 2.042191
compute: 0.013380