inputs: 10000
queries: 100
setup: 0.351108
preproc: 22.812020
compute: 0.431032