inputs: 1000
queries: 10
setup: 0.404922
preproc: 0.409782
compute: 0.422150