inputs: 5000
queries: 50
setup: 0.347177
preproc: 2.052847
compute: 0.375347