inputs: 10000
queries: 1000
setup: 0.394151
preproc: 0.447181
compute: 0.134407