inputs: 10000
queries: 1000
setup: 0.399514
preproc: 2.778634
compute: 0.507929