inputs: 5000
queries: 50
setup: 0.393822
preproc: 0.435200
compute: 0.488543