inputs: 1000
queries: 10
setup: 0.416310
preproc: 0.427232
compute: 0.433436