inputs: 10000
queries: 100
setup: 0.390844
preproc: 0.444758
compute: 0.341457