inputs: 10000
queries: 1000
setup: 0.404165
preproc: 2.713519
compute: 0.442660