inputs: 10000
queries: 100
setup: 0.409033
preproc: 2.800143
compute: 0.455738