inputs: 1000
queries: 10
setup: 0.361749
preproc: 0.853419
compute: 0.003494