inputs: 1000
queries: 10
setup: 0.385310
preproc: 0.381869
compute: 0.389732