inputs: 1000
queries: 10
setup: 0.433768
preproc: 2.267359
compute: 0.438471