inputs: 1000
queries: 10
setup: 0.380670
preproc: 0.316935
compute: 0.321895