inputs: 10000
queries: 1000
setup: 0.391339
preproc: 2.739534
compute: 0.485393