inputs: 1000
queries: 10
setup: 0.384162
preproc: 0.322211
compute: 0.325257