inputs: 10000
queries: 1000
setup: 0.027114
preproc: 0.012988
compute: 0.013664