inputs: 10000
queries: 100
setup: 0.385305
preproc: 0.502708
compute: 0.421533