inputs: 1000
queries: 10
setup: 0.391404
preproc: 2.139721
compute: 0.388692