inputs: 1000
queries: 10
setup: 11.637087
preproc: 0.315128
compute: 0.126692