inputs: 10000
queries: 1000
setup: 0.354880
preproc: 0.436076
compute: 0.132321