inputs: 1000
queries: 10
setup: 0.420121
preproc: 0.912860
compute: 0.003798