inputs: 5000
queries: 50
setup: 0.389741
preproc: 1.355503
compute: 0.223664