inputs: 1000
queries: 10
setup: 0.373160
preproc: 0.393970
compute: 0.404673