inputs: 10000
queries: 1000
setup: 0.385998
preproc: 0.462613
compute: 2.756187