inputs: 1000
queries: 10
setup: 2.134284
preproc: 1.057429
compute: 0.035984