inputs: 1000
queries: 10
setup: 0.366822
preproc: 1.793428
compute: 0.368314