inputs: 1000
queries: 10
setup: 0.363473
preproc: 2.099935
compute: 0.393533