inputs: 5000
queries: 50
setup: 0.355962
preproc: 0.405673
compute: 0.124553