inputs: 1000
queries: 10
setup: 0.399012
preproc: 1.076158
compute: 0.386735