inputs: 1000
queries: 10
setup: 0.374826
preproc: 0.004076
compute: 0.331474