inputs: 10000
queries: 100
setup: 0.389236
preproc: 0.441813
compute: 0.345357