inputs: 10000
queries: 1000
setup: 0.357760
preproc: 23.360084
compute: 0.894059