inputs: 1000
queries: 10
setup: 0.392585
preproc: 0.384562
compute: 0.341132