inputs: 1000
queries: 10
setup: 0.353626
preproc: 0.405230
compute: 0.380731