inputs: 1000
queries: 10
setup: 0.384381
preproc: 2.127484
compute: 0.392197