inputs: 10000
queries: 100
setup: 0.388199
preproc: 0.467217
compute: 0.629860