inputs: 10000
queries: 1000
setup: 0.405778
preproc: 0.468039
compute: 0.138212