inputs: 10000
queries: 1000
setup: 0.362584
preproc: 0.934072
compute: 0.007027