inputs: 1000
queries: 10
setup: 0.403932
preproc: 0.408234
compute: 0.427515