inputs: 1000
queries: 10
setup: 0.381940
preproc: 2.076300
compute: 0.384172