inputs: 10000
queries: 1000
setup: 0.366534
preproc: 1.746629
compute: 0.172245