inputs: 10000
queries: 1000
setup: 0.398113
preproc: 2.795672
compute: 0.507722