inputs: 10000
queries: 100
setup: 0.354159
preproc: 0.002510
compute: 0.711433