inputs: 1000
queries: 10
setup: 0.365939
preproc: 2.160656
compute: 0.035611