inputs: 1000
queries: 10
setup: 0.417969
preproc: 0.362216
compute: 0.346615