inputs: 1000
queries: 10
setup: 0.391451
preproc: 1.246007
compute: 0.383674