inputs: 5000
queries: 50
setup: 0.353149
preproc: 0.413882
compute: 0.471215