inputs: 1000
queries: 10
setup: 0.396865
preproc: 2.151318
compute: 0.398834