inputs: 5000
queries: 50
setup: 0.388058
preproc: 2.387903
compute: 0.222044