inputs: 1000
queries: 10
setup: 0.405696
preproc: 0.002979
compute: 0.425738