inputs: 10000
queries: 1000
setup: 0.062094
preproc: 0.013358
compute: 0.013671