inputs: 10000
queries: 100
setup: 0.360727
preproc: 0.002871
compute: 0.747928