inputs: 10000
queries: 1000
setup: 0.415128
preproc: 0.990351
compute: 0.007667