inputs: 10000
queries: 100
setup: 0.387045
preproc: 1.695964
compute: 0.151879