inputs: 10000
queries: 100
setup: 0.058600
preproc: 0.013586
compute: 0.005548