inputs: 1000
queries: 10
setup: 0.399078
preproc: 0.894250
compute: 0.003843