inputs: 1000
queries: 10
setup: 0.346931
preproc: 0.002425
compute: 0.307250