inputs: 10000
queries: 100
setup: 0.392279
preproc: 2.659366
compute: 0.411021