inputs: 1000
queries: 10
setup: 0.363719
preproc: 2.187664
compute: 0.416207