inputs: 1000
queries: 10
setup: 0.412051
preproc: 0.003049
compute: 0.351897