inputs: 1000
queries: 10
setup: 0.402171
preproc: 0.403810
compute: 0.353471