inputs: 1000
queries: 10
setup: 0.403790
preproc: 0.398759
compute: 0.392684