inputs: 10000
queries: 1000
setup: 0.338791
preproc: 0.439063
compute: 0.342478