inputs: 10000
queries: 1000
setup: 0.352074
preproc: 1.678214
compute: 0.168399