inputs: 1000
queries: 10
setup: 0.423791
preproc: 0.003020
compute: 0.360260