inputs: 10000
queries: 1000
setup: 0.387645
preproc: 1.696650
compute: 0.171109