inputs: 1000
queries: 10
setup: 0.401828
preproc: 0.002891
compute: 0.372588