inputs: 10000
queries: 100
setup: 0.406057
preproc: 1.741128
compute: 0.157293