inputs: 10000
queries: 1000
setup: 0.357080
preproc: 2.716244
compute: 0.419755