inputs: 1000
queries: 10
setup: 12.210420
preproc: 0.003660
compute: 0.002546