inputs: 1000
queries: 10
setup: 0.412243
preproc: 0.437025
compute: 0.385448