inputs: 10000
queries: 100
setup: 0.389194
preproc: 2.741005
compute: 0.403315