inputs: 10000
queries: 100
setup: 0.027663
preproc: 0.013410
compute: 0.005301