inputs: 1000
queries: 10
setup: 0.347725
preproc: 0.306630
compute: 0.301823