inputs: 1000
queries: 10
setup: 0.408425
preproc: 2.154533
compute: 0.418641