inputs: 10000
queries: 1000
setup: 0.377971
preproc: 0.463995
compute: 2.794410