inputs: 5000
queries: 50
setup: 0.399190
preproc: 1.356054
compute: 0.225454