inputs: 5000
queries: 50
setup: 0.406967
preproc: 1.010181
compute: 0.013388