inputs: 10000
queries: 100
setup: 0.389704
preproc: 0.470753
compute: 0.627889