inputs: 1000
queries: 10
setup: 0.390761
preproc: 2.150701
compute: 0.391725