inputs: 10000
queries: 100
setup: 0.059902
preproc: 0.014018
compute: 0.005784