inputs: 1000
queries: 10
setup: 0.384653
preproc: 1.217504
compute: 0.382110