inputs: 10000
queries: 100
setup: 0.391864
preproc: 0.451813
compute: 0.348361