inputs: 1000
queries: 10
setup: 0.371684
preproc: 0.003670
compute: 0.342403