inputs: 1000
queries: 10
setup: 2.223088
preproc: 1.139777
compute: 0.038204