inputs: 1000
queries: 10
setup: 0.392514
preproc: 2.179955
compute: 0.398880