inputs: 1000
queries: 10
setup: 11.913009
preproc: 0.323586
compute: 0.138500