inputs: 1000
queries: 10
setup: 0.378696
preproc: 0.400432
compute: 0.346922