inputs: 5000
queries: 50
setup: 0.405775
preproc: 2.498575
compute: 0.434337