inputs: 10000
queries: 1000
setup: 0.401998
preproc: 0.489651
compute: 2.849485