inputs: 10000
queries: 1000
setup: 0.365326
preproc: 0.934761
compute: 0.007588