inputs: 1000
queries: 10
setup: 0.365163
preproc: 1.009403
compute: 0.011819