inputs: 5000
queries: 50
setup: 0.364756
preproc: 0.899224
compute: 0.003550