inputs: 10000
queries: 100
setup: 0.338258
preproc: 0.433314
compute: 0.125036