inputs: 1000
queries: 10
setup: 0.441225
preproc: 0.447209
compute: 0.376419