inputs: 5000
queries: 50
setup: 0.387643
preproc: 0.424806
compute: 0.481519