inputs: 5000
queries: 50
setup: 0.368051
preproc: 0.422421
compute: 0.351045