inputs: 1000
queries: 10
setup: 0.370723
preproc: 0.003911
compute: 0.342243