inputs: 1000
queries: 10
setup: 0.422873
preproc: 2.230029
compute: 0.038532