inputs: 1000
queries: 10
setup: 6.378551
preproc: 0.003863
compute: 0.002760