inputs: 1000
queries: 10
setup: 0.390232
preproc: 0.396842
compute: 0.389674