inputs: 1000
queries: 10
setup: 0.331507
preproc: 0.378940
compute: 0.394045