inputs: 10000
queries: 1000
setup: 0.419773
preproc: 2.013647
compute: 0.018085