inputs: 1000
queries: 10
setup: 0.396086
preproc: 0.002865
compute: 0.344257