inputs: 10000
queries: 100
setup: 0.341650
preproc: 2.421768
compute: 0.388503