inputs: 10000
queries: 100
setup: 0.385487
preproc: 0.471353
compute: 0.631866