inputs: 5000
queries: 50
setup: 0.350923
preproc: 0.391073
compute: 0.441935