inputs: 1000
queries: 10
setup: 0.351982
preproc: 1.063681
compute: 0.036185