inputs: 10000
queries: 1000
setup: 0.397937
preproc: 0.452405
compute: 0.136460