inputs: 10000
queries: 100
setup: 0.387595
preproc: 1.696403
compute: 0.152271