inputs: 10000
queries: 100
setup: 0.397669
preproc: 22.952666
compute: 0.444156