inputs: 10000
queries: 1000
setup: 0.389227
preproc: 0.445147
compute: 0.133069