inputs: 1000
queries: 10
setup: 0.387313
preproc: 0.387160
compute: 0.338291