inputs: 10000
queries: 1000
setup: 0.367645
preproc: 0.438379
compute: 0.132598