inputs: 5000
queries: 50
setup: 0.336060
preproc: 0.431148
compute: 0.386041