inputs: 10000
queries: 1000
setup: 0.386081
preproc: 2.742369
compute: 0.494333