inputs: 10000
queries: 1000
setup: 0.356356
preproc: 0.445009
compute: 0.350889