inputs: 1000
queries: 10
setup: 0.794504
preproc: 0.367499
compute: 0.121070