inputs: 1000
queries: 10
setup: 0.367152
preproc: 0.391086
compute: 0.394535