inputs: 1000
queries: 10
setup: 0.344174
preproc: 0.358100
compute: 0.368500