inputs: 5000
queries: 50
setup: 0.409494
preproc: 0.436075
compute: 0.129330