inputs: 10000
queries: 100
setup: 0.402332
preproc: 1.010276
compute: 0.013287