inputs: 10000
queries: 1000
setup: 0.406640
preproc: 2.824655
compute: 0.528400