inputs: 5000
queries: 50
setup: 0.379618
preproc: 0.435297
compute: 0.397744