inputs: 10000
queries: 100
setup: 0.385692
preproc: 0.460000
compute: 0.623537