inputs: 5000
queries: 50
setup: 0.391889
preproc: 0.411408
compute: 0.128114