inputs: 1000
queries: 10
setup: 0.423025
preproc: 0.922222
compute: 0.003817