inputs: 5000
queries: 50
setup: 0.397424
preproc: 0.456374
compute: 0.405025