inputs: 5000
queries: 50
setup: 0.396843
preproc: 1.010629
compute: 0.013001