inputs: 1000
queries: 10
setup: 0.407054
preproc: 0.398331
compute: 0.352854