inputs: 5000
queries: 50
setup: 0.412468
preproc: 2.527393
compute: 0.419019