inputs: 1000
queries: 10
setup: 0.388532
preproc: 0.383040
compute: 0.392766