inputs: 1000
queries: 10
setup: 0.388574
preproc: 2.185450
compute: 0.393565