inputs: 5000
queries: 50
setup: 0.351203
preproc: 2.298647
compute: 0.379875