inputs: 5000
queries: 50
setup: 0.388639
preproc: 2.367721
compute: 0.392840