inputs: 1000
queries: 10
setup: 0.351475
preproc: 0.361621
compute: 0.356309