inputs: 10000
queries: 100
setup: 0.390578
preproc: 0.443606
compute: 0.130104