inputs: 1000
queries: 10
setup: 0.389737
preproc: 2.123054
compute: 0.036864