inputs: 10000
queries: 100
setup: 0.390822
preproc: 0.451358
compute: 0.132084