inputs: 10000
queries: 100
setup: 0.430051
preproc: 2.014849
compute: 0.014576