inputs: 10000
queries: 1000
setup: 0.446376
preproc: 2.013821
compute: 0.018689