inputs: 1000
queries: 10
setup: 0.365232
preproc: 0.796254
compute: 0.002921