inputs: 1000
queries: 10
setup: 11.449848
preproc: 0.003695
compute: 0.002515