inputs: 1000
queries: 10
setup: 0.403417
preproc: 2.172749
compute: 0.037392