inputs: 1000
queries: 10
setup: 0.415833
preproc: 1.200096
compute: 0.442038