inputs: 10000
queries: 1000
setup: 0.404601
preproc: 1.010332
compute: 0.017401