inputs: 5000
queries: 50
setup: 0.352525
preproc: 2.319878
compute: 0.392904