inputs: 5000
queries: 50
setup: 0.061292
preproc: 0.008664
compute: 0.004068