inputs: 1000
queries: 10
setup: 0.408698
preproc: 0.378825
compute: 0.390925