inputs: 1000
queries: 10
setup: 0.398253
preproc: 1.252417
compute: 0.390995