inputs: 10000
queries: 100
setup: 0.354133
preproc: 0.429138
compute: 0.330161