inputs: 10000
queries: 100
setup: 0.366529
preproc: 1.010067
compute: 0.013088