inputs: 10000
queries: 100
setup: 0.370728
preproc: 1.009706
compute: 0.013119