inputs: 1000
queries: 10
setup: 0.395087
preproc: 1.155808
compute: 0.425187