inputs: 10000
queries: 100
setup: 0.386239
preproc: 2.646883
compute: 0.393815