inputs: 1000
queries: 10
setup: 0.346235
preproc: 0.376056
compute: 0.379313