inputs: 1000
queries: 10
setup: 0.398751
preproc: 2.205820
compute: 0.037174