inputs: 5000
queries: 50
setup: 0.361103
preproc: 0.402109
compute: 0.343752