inputs: 10000
queries: 1000
setup: 0.393771
preproc: 1.704501
compute: 0.170825