inputs: 1000
queries: 10
setup: 0.368936
preproc: 0.393633
compute: 0.408792