inputs: 1000
queries: 10
setup: 0.335108
preproc: 1.868960
compute: 0.033178