inputs: 1000
queries: 10
setup: 0.428332
preproc: 0.435044
compute: 0.378225