inputs: 1000
queries: 10
setup: 0.386512
preproc: 0.314067
compute: 0.318686