inputs: 10000
queries: 1000
setup: 0.396115
preproc: 0.452891
compute: 0.348738