inputs: 10000
queries: 1000
setup: 0.393747
preproc: 0.447674
compute: 0.136158