inputs: 5000
queries: 50
setup: 0.386062
preproc: 2.417337
compute: 0.394005