inputs: 1000
queries: 10
setup: 0.386767
preproc: 0.326763
compute: 0.322854