inputs: 10000
queries: 1000
setup: 0.384841
preproc: 0.002945
compute: 3.561030