inputs: 1000
queries: 10
setup: 0.415534
preproc: 0.425206
compute: 0.424133