inputs: 1000
queries: 10
setup: 5.551543
preproc: 2.180509
compute: 0.379992