inputs: 1000
queries: 10
setup: 0.362572
preproc: 2.116769
compute: 0.396509