inputs: 1000
queries: 10
setup: 0.387179
preproc: 0.385681
compute: 0.382374