inputs: 1000
queries: 10
setup: 0.401018
preproc: 0.410818
compute: 0.361475