inputs: 1000
queries: 10
setup: 0.348777
preproc: 2.117756
compute: 0.035611