inputs: 1000
queries: 10
setup: 0.424778
preproc: 0.362777
compute: 0.363102