inputs: 10000
queries: 100
setup: 0.346379
preproc: 0.412828
compute: 0.126736