inputs: 10000
queries: 100
setup: 0.408842
preproc: 0.503900
compute: 0.668762