inputs: 10000
queries: 100
setup: 0.346727
preproc: 0.445754
compute: 0.595819