inputs: 1000
queries: 10
setup: 0.410456
preproc: 1.010344
compute: 0.013228