inputs: 10000
queries: 100
setup: 0.350626
preproc: 0.002826
compute: 0.745422