inputs: 10000
queries: 100
setup: 0.385510
preproc: 0.002933
compute: 0.759854