inputs: 10000
queries: 1000
setup: 0.380385
preproc: 22.830036
compute: 0.890830