inputs: 1000
queries: 10
setup: 0.423963
preproc: 1.291694
compute: 0.425216