inputs: 10000
queries: 100
setup: 0.060970
preproc: 0.013782
compute: 0.005675