inputs: 10000
queries: 100
setup: 0.402776
preproc: 0.451494
compute: 0.129279