inputs: 10000
queries: 1000
setup: 0.390260
preproc: 2.786911
compute: 0.491931