inputs: 5000
queries: 50
setup: 0.398472
preproc: 1.010483
compute: 0.013302