inputs: 1000
queries: 10
setup: 2.765073
preproc: 1.090476
compute: 0.036944