inputs: 10000
queries: 1000
setup: 0.367124
preproc: 2.789027
compute: 0.496124