inputs: 1000
queries: 10
setup: 0.423393
preproc: 0.418984
compute: 0.140521