inputs: 10000
queries: 100
setup: 0.385225
preproc: 0.002987
compute: 0.755591