inputs: 1000
queries: 10
setup: 0.368478
preproc: 0.395268
compute: 0.386524