inputs: 1000
queries: 10
setup: 0.332388
preproc: 0.002706
compute: 0.344277