inputs: 1000
queries: 10
setup: 0.432472
preproc: 2.013839
compute: 0.015067