inputs: 1000
queries: 10
setup: 0.390126
preproc: 0.002833
compute: 0.409411