inputs: 10000
queries: 100
setup: 0.351145
preproc: 1.537770
compute: 0.142142