inputs: 1000
queries: 10
setup: 0.386760
preproc: 0.385348
compute: 0.397667