inputs: 10000
queries: 1000
setup: 0.395013
preproc: 2.785005
compute: 0.494239