inputs: 5000
queries: 50
setup: 0.416443
preproc: 2.547007
compute: 0.226379