inputs: 10000
queries: 1000
setup: 0.411741
preproc: 0.951108
compute: 0.008624