inputs: 1000
queries: 10
setup: 9.832231
preproc: 0.003970
compute: 0.002888