inputs: 10000
queries: 100
setup: 0.363251
preproc: 0.937611
compute: 0.003549