inputs: 1000
queries: 10
setup: 0.356663
preproc: 0.384439
compute: 0.400250