inputs: 10000
queries: 1000
setup: 0.347453
preproc: 2.434933
compute: 0.465063