inputs: 10000
queries: 1000
setup: 0.396333
preproc: 0.450655
compute: 0.138109