inputs: 5000
queries: 50
setup: 0.349169
preproc: 2.392127
compute: 0.390044