inputs: 10000
queries: 1000
setup: 0.393405
preproc: 0.451221
compute: 0.359922