inputs: 1000
queries: 10
setup: 14.751674
preproc: 0.003960
compute: 0.002785