inputs: 1000
queries: 10
setup: 0.383277
preproc: 0.322939
compute: 0.305234