inputs: 1000
queries: 10
setup: 0.350458
preproc: 1.173428
compute: 0.374791