inputs: 10000
queries: 1000
setup: 0.026824
preproc: 0.012964
compute: 0.013108