inputs: 10000
queries: 1000
setup: 0.411041
preproc: 1.757249
compute: 0.175756