inputs: 5000
queries: 50
setup: 0.342946
preproc: 2.078215
compute: 0.369199