inputs: 1000
queries: 10
setup: 0.387821
preproc: 0.378459
compute: 0.340147