inputs: 1000
queries: 10
setup: 0.409498
preproc: 0.336740
compute: 0.359843