inputs: 5000
queries: 50
setup: 0.389143
preproc: 0.412961
compute: 0.344513