inputs: 10000
queries: 1000
setup: 0.350335
preproc: 0.454069
compute: 2.792713