inputs: 10000
queries: 1000
setup: 0.063539
preproc: 0.013465
compute: 0.013591