inputs: 1000
queries: 10
setup: 0.392225
preproc: 0.396148
compute: 0.128675