inputs: 10000
queries: 1000
setup: 0.383863
preproc: 22.663202
compute: 0.891616