inputs: 10000
queries: 1000
setup: 0.348682
preproc: 0.002894
compute: 3.580284