inputs: 5000
queries: 50
setup: 0.425081
preproc: 0.487391
compute: 0.427559