inputs: 1000
queries: 10
setup: 0.385015
preproc: 0.326606
compute: 0.328762