inputs: 1000
queries: 10
setup: 0.361606
preproc: 1.249541
compute: 0.397629