inputs: 10000
queries: 100
setup: 0.061183
preproc: 0.013999
compute: 0.005948