inputs: 1000
queries: 10
setup: 0.423322
preproc: 0.933873
compute: 0.003830