inputs: 10000
queries: 100
setup: 0.385863
preproc: 0.461051
compute: 0.628242