inputs: 10000
queries: 1000
setup: 0.336904
preproc: 2.445573
compute: 0.478813