inputs: 10000
queries: 100
setup: 0.350947
preproc: 1.697898
compute: 0.148855