inputs: 10000
queries: 1000
setup: 0.345670
preproc: 0.434148
compute: 2.532174