inputs: 1000
queries: 10
setup: 0.379830
preproc: 0.002836
compute: 0.332322