inputs: 1000
queries: 10
setup: 0.391935
preproc: 1.227529
compute: 0.383532