inputs: 1000
queries: 10
setup: 0.346892
preproc: 1.133050
compute: 0.364851