inputs: 10000
queries: 1000
setup: 0.403368
preproc: 1.754914
compute: 0.172679