inputs: 10000
queries: 100
setup: 0.399154
preproc: 0.469002
compute: 0.134494