inputs: 10000
queries: 100
setup: 0.424584
preproc: 1.789824
compute: 0.161102