inputs: 5000
queries: 50
setup: 0.350002
preproc: 2.345209
compute: 0.223685