inputs: 10000
queries: 100
setup: 0.391340
preproc: 0.448472
compute: 0.348380