inputs: 5000
queries: 50
setup: 0.060245
preproc: 0.008349
compute: 0.003839