inputs: 10000
queries: 100
setup: 0.344954
preproc: 0.435197
compute: 0.580128