inputs: 10000
queries: 1000
setup: 0.386223
preproc: 0.465981
compute: 2.777464