inputs: 1000
queries: 10
setup: 0.392095
preproc: 0.327190
compute: 0.311501