inputs: 1000
queries: 10
setup: 0.421107
preproc: 0.003124
compute: 0.370409