inputs: 5000
queries: 50
setup: 0.398584
preproc: 1.391237
compute: 0.224076