inputs: 1000
queries: 10
setup: 0.434217
preproc: 0.454021
compute: 0.138113