inputs: 1000
queries: 10
setup: 0.027075
preproc: 0.003459
compute: 0.002549