inputs: 1000
queries: 10
setup: 2.121783
preproc: 0.933204
compute: 0.032320