inputs: 1000
queries: 10
setup: 0.389735
preproc: 0.396693
compute: 0.385308