inputs: 1000
queries: 10
setup: 0.402161
preproc: 0.003781
compute: 0.378842