inputs: 10000
queries: 1000
setup: 0.407961
preproc: 0.466192
compute: 0.137553