inputs: 1000
queries: 10
setup: 0.384175
preproc: 2.158323
compute: 0.391965