inputs: 1000
queries: 10
setup: 0.388628
preproc: 1.244489
compute: 0.380734