inputs: 10000
queries: 1000
setup: 0.391181
preproc: 23.479747
compute: 0.899019