inputs: 1000
queries: 10
setup: 0.399902
preproc: 0.878145
compute: 0.003610