inputs: 1000
queries: 10
setup: 0.058269
preproc: 0.003852
compute: 0.002785