inputs: 1000
queries: 10
setup: 12.248576
preproc: 0.359453
compute: 0.123496