inputs: 1000
queries: 10
setup: 0.396800
preproc: 1.009905
compute: 0.013051