inputs: 5000
queries: 50
setup: 0.390227
preproc: 0.405875
compute: 0.126618