inputs: 1000
queries: 10
setup: 0.432334
preproc: 1.011019
compute: 0.015092