inputs: 10000
queries: 1000
setup: 0.385209
preproc: 0.003074
compute: 3.549728