inputs: 10000
queries: 100
setup: 0.404855
preproc: 1.775289
compute: 0.155191