inputs: 5000
queries: 50
setup: 0.397405
preproc: 0.902284
compute: 0.003638