inputs: 1000
queries: 10
setup: 0.347488
preproc: 0.002444
compute: 0.324780