inputs: 1000
queries: 10
setup: 0.392292
preproc: 0.319626
compute: 0.314013