inputs: 10000
queries: 1000
setup: 0.371129
preproc: 1.009842
compute: 0.016623