inputs: 10000
queries: 1000
setup: 0.334741
preproc: 2.491815
compute: 0.458271