inputs: 10000
queries: 100
setup: 0.350667
preproc: 2.709773
compute: 0.447062