inputs: 10000
queries: 1000
setup: 0.392355
preproc: 22.562387
compute: 0.895205