inputs: 10000
queries: 1000
setup: 0.408296
preproc: 1.010470
compute: 0.016747