inputs: 1000
queries: 10
setup: 7.937898
preproc: 2.054355
compute: 0.012456