inputs: 5000
queries: 50
setup: 0.373653
preproc: 2.429676
compute: 0.417375