inputs: 5000
queries: 50
setup: 0.059042
preproc: 0.008040
compute: 0.003741