inputs: 1000
queries: 10
setup: 0.412886
preproc: 0.430851
compute: 0.429592