inputs: 10000
queries: 1000
setup: 0.391710
preproc: 0.003153
compute: 3.652544