inputs: 10000
queries: 1000
setup: 0.401562
preproc: 0.465760
compute: 0.361352