inputs: 10000
queries: 100
setup: 0.384877
preproc: 2.720723
compute: 0.406704