inputs: 1000
queries: 10
setup: 0.404366
preproc: 0.421466
compute: 0.420584