inputs: 1000
queries: 10
setup: 0.388120
preproc: 0.324069
compute: 0.310349