inputs: 10000
queries: 100
setup: 0.404696
preproc: 2.851630
compute: 0.426713