inputs: 10000
queries: 1000
setup: 0.396585
preproc: 2.747105
compute: 0.471752