inputs: 10000
queries: 100
setup: 0.027597
preproc: 0.012924
compute: 0.005243