inputs: 10000
queries: 1000
setup: 0.403310
preproc: 2.808649
compute: 0.510925