inputs: 1000
queries: 10
setup: 0.336774
preproc: 1.285733
compute: 0.375661