inputs: 10000
queries: 1000
setup: 0.400210
preproc: 2.768575
compute: 0.500712