inputs: 5000
queries: 50
setup: 0.418161
preproc: 8.303376
compute: 0.452933