inputs: 1000
queries: 10
setup: 0.386142
preproc: 2.110387
compute: 0.388761