inputs: 1000
queries: 10
setup: 0.389030
preproc: 0.380203
compute: 0.127619