inputs: 10000
queries: 1000
setup: 0.376794
preproc: 1.010102
compute: 0.017204