inputs: 1000
queries: 10
setup: 0.360049
preproc: 0.369340
compute: 0.120645