inputs: 1000
queries: 10
setup: 0.384369
preproc: 0.385429
compute: 0.396673