inputs: 10000
queries: 100
setup: 0.050212
preproc: 0.014501
compute: 0.004587