inputs: 1000
queries: 10
setup: 2.264471
preproc: 1.109656
compute: 0.038089