inputs: 1000
queries: 10
setup: 0.364902
preproc: 1.140394
compute: 0.374120