inputs: 10000
queries: 100
setup: 0.387512
preproc: 0.464648
compute: 0.629069