inputs: 10000
queries: 1000
setup: 0.389169
preproc: 2.730591
compute: 0.463651