inputs: 5000
queries: 50
setup: 0.355034
preproc: 0.823680
compute: 0.002884