inputs: 1000
queries: 10
setup: 0.393062
preproc: 2.093530
compute: 0.036741