inputs: 10000
queries: 1000
setup: 0.351898
preproc: 2.751662
compute: 0.482120