inputs: 1000
queries: 10
setup: 10.910695
preproc: 0.003551
compute: 0.002537