inputs: 5000
queries: 50
setup: 0.366903
preproc: 0.436688
compute: 0.389935