inputs: 5000
queries: 50
setup: 0.398854
preproc: 0.447175
compute: 0.491723