inputs: 1000
queries: 10
setup: 0.351617
preproc: 2.054885
compute: 0.379114