inputs: 1000
queries: 10
setup: 0.391937
preproc: 0.322905
compute: 0.327230