inputs: 10000
queries: 1000
setup: 0.352278
preproc: 0.469673
compute: 2.777089