inputs: 1000
queries: 10
setup: 0.355942
preproc: 0.401791
compute: 0.377223