inputs: 1000
queries: 10
setup: 11.376741
preproc: 0.322654
compute: 0.126045