inputs: 1000
queries: 10
setup: 0.427586
preproc: 1.011192
compute: 0.014153