inputs: 10000
queries: 100
setup: 0.387834
preproc: 2.765544
compute: 0.410563