inputs: 1000
queries: 10
setup: 0.391295
preproc: 2.108076
compute: 0.394594