inputs: 10000
queries: 1000
setup: 0.347832
preproc: 0.442379
compute: 2.503574