inputs: 10000
queries: 100
setup: 0.407203
preproc: 0.477032
compute: 0.136273