inputs: 1000
queries: 10
setup: 0.352167
preproc: 0.377184
compute: 0.386057