inputs: 10000
queries: 100
setup: 0.351684
preproc: 2.682983
compute: 0.397420