inputs: 10000
queries: 1000
setup: 0.397989
preproc: 1.725601
compute: 0.174190