inputs: 1000
queries: 10
setup: 0.081589
preproc: 0.005359
compute: 0.004164