inputs: 5000
queries: 50
setup: 0.409539
preproc: 0.920874
compute: 0.003703