inputs: 1000
queries: 10
setup: 0.356715
preproc: 0.902114
compute: 0.003445