inputs: 5000
queries: 50
setup: 0.387021
preproc: 0.420733
compute: 0.479500