inputs: 10000
queries: 1000
setup: 0.360556
preproc: 0.466630
compute: 2.821970