inputs: 10000
queries: 100
setup: 0.398911
preproc: 2.680018
compute: 0.401295