inputs: 10000
queries: 1000
setup: 0.412472
preproc: 1.010524
compute: 0.017637