inputs: 5000
queries: 50
setup: 0.387914
preproc: 2.400487
compute: 0.220985