inputs: 10000
queries: 100
setup: 0.380556
preproc: 0.959539
compute: 0.003613