inputs: 1000
queries: 10
setup: 0.351140
preproc: 2.146288
compute: 0.379876