inputs: 10000
queries: 100
setup: 0.389140
preproc: 2.715320
compute: 0.413937