inputs: 10000
queries: 1000
setup: 0.388205
preproc: 0.511189
compute: 0.676328