inputs: 1000
queries: 10
setup: 0.418575
preproc: 0.405156
compute: 0.369561