inputs: 10000
queries: 100
setup: 0.414765
preproc: 2.681631
compute: 0.430905