inputs: 10000
queries: 100
setup: 0.347060
preproc: 1.506164
compute: 0.141863