inputs: 10000
queries: 1000
setup: 0.422657
preproc: 0.982745
compute: 0.007693