inputs: 10000
queries: 1000
setup: 0.355043
preproc: 0.003021
compute: 3.592180