inputs: 1000
queries: 10
setup: 7.778133
preproc: 2.034046
compute: 0.012854