inputs: 10000
queries: 1000
setup: 0.401047
preproc: 0.463375
compute: 0.364669