inputs: 1000
queries: 10
setup: 0.430469
preproc: 0.419025
compute: 0.437201