inputs: 10000
queries: 1000
setup: 0.059580
preproc: 0.013372
compute: 0.014143