inputs: 1000
queries: 10
setup: 0.353998
preproc: 0.372669
compute: 0.388408