inputs: 10000
queries: 1000
setup: 0.389692
preproc: 0.003026
compute: 3.505308