inputs: 10000
queries: 100
setup: 0.414673
preproc: 1.749384
compute: 0.160972