inputs: 10000
queries: 100
setup: 0.384222
preproc: 0.503275
compute: 0.424436