inputs: 10000
queries: 100
setup: 0.413536
preproc: 2.013461
compute: 0.014375