inputs: 5000
queries: 50
setup: 0.384556
preproc: 2.401005
compute: 0.400476