inputs: 1000
queries: 10
setup: 0.428519
preproc: 1.010383
compute: 0.013344