inputs: 10000
queries: 1000
setup: 0.409315
preproc: 22.846014
compute: 0.918998