inputs: 1000
queries: 10
setup: 0.392035
preproc: 1.139115
compute: 0.390374