inputs: 10000
queries: 100
setup: 0.063453
preproc: 0.013461
compute: 0.005423