inputs: 10000
queries: 1000
setup: 0.362425
preproc: 0.424929
compute: 0.344804