inputs: 1000
queries: 10
setup: 0.384628
preproc: 0.002857
compute: 0.339632