inputs: 1000
queries: 10
setup: 0.410721
preproc: 0.003068
compute: 0.426774