inputs: 5000
queries: 50
setup: 0.389385
preproc: 0.422107
compute: 0.490570