inputs: 10000
queries: 100
setup: 0.060528
preproc: 0.013498
compute: 0.005517