inputs: 10000
queries: 1000
setup: 0.062358
preproc: 0.013784
compute: 0.014425