inputs: 1000
queries: 10
setup: 0.390516
preproc: 0.002818
compute: 0.411088