inputs: 1000
queries: 10
setup: 2.340372
preproc: 1.069403
compute: 0.035811