inputs: 10000
queries: 100
setup: 0.059118
preproc: 0.013503
compute: 0.005575