inputs: 1000
queries: 10
setup: 0.391289
preproc: 0.002833
compute: 0.345458