inputs: 1000
queries: 10
setup: 0.389484
preproc: 0.389262
compute: 0.128493