inputs: 10000
queries: 1000
setup: 0.386974
preproc: 0.436763
compute: 0.133988