inputs: 5000
queries: 50
setup: 0.397328
preproc: 0.418547
compute: 0.118575