inputs: 10000
queries: 1000
setup: 0.344099
preproc: 0.467543
compute: 0.616379