inputs: 10000
queries: 1000
setup: 0.353595
preproc: 2.361528
compute: 0.404860