inputs: 5000
queries: 50
setup: 0.386778
preproc: 2.376553
compute: 0.398983