inputs: 1000
queries: 10
setup: 0.386494
preproc: 0.381626
compute: 0.341049