inputs: 10000
queries: 100
setup: 0.409950
preproc: 0.986627
compute: 0.003682