inputs: 10000
queries: 1000
setup: 0.349514
preproc: 0.453190
compute: 2.811842