inputs: 5000
queries: 50
setup: 0.421802
preproc: 0.450595
compute: 0.138283