inputs: 10000
queries: 100
setup: 0.060749
preproc: 0.013518
compute: 0.005631