inputs: 1000
queries: 10
setup: 0.378613
preproc: 1.167660
compute: 0.379256