inputs: 10000
queries: 1000
setup: 0.356185
preproc: 0.002803
compute: 3.550481