inputs: 5000
queries: 50
setup: 0.381908
preproc: 0.002978
compute: 0.531750