inputs: 1000
queries: 10
setup: 0.419438
preproc: 2.215553
compute: 0.037896