inputs: 5000
queries: 50
setup: 0.386839
preproc: 2.415397
compute: 0.400897