inputs: 1000
queries: 10
setup: 7.416720
preproc: 0.389066
compute: 0.350560