inputs: 1000
queries: 10
setup: 3.351629
preproc: 2.088278
compute: 0.012685