inputs: 10000
queries: 100
setup: 0.415705
preproc: 0.998773
compute: 0.004243