inputs: 1000
queries: 10
setup: 0.401074
preproc: 0.405103
compute: 0.407674