inputs: 1000
queries: 10
setup: 0.397695
preproc: 0.873727
compute: 0.003648