inputs: 1000
queries: 10
setup: 0.363317
preproc: 2.194127
compute: 0.037218