inputs: 1000
queries: 10
setup: 0.396385
preproc: 0.334562
compute: 0.338203