inputs: 1000
queries: 10
setup: 0.060659
preproc: 0.003868
compute: 0.002809