inputs: 10000
queries: 100
setup: 0.364242
preproc: 0.935043
compute: 0.003618