inputs: 10000
queries: 100
setup: 0.386343
preproc: 2.633945
compute: 0.395851