inputs: 1000
queries: 10
setup: 0.337557
preproc: 0.002350
compute: 0.396903