inputs: 10000
queries: 1000
setup: 0.389453
preproc: 2.695210
compute: 0.429125