inputs: 1000
queries: 10
setup: 0.418691
preproc: 0.360148
compute: 0.366599