inputs: 10000
queries: 100
setup: 0.351570
preproc: 2.676006
compute: 0.398700