inputs: 10000
queries: 1000
setup: 0.362107
preproc: 1.009686
compute: 0.016665