inputs: 10000
queries: 1000
setup: 0.418295
preproc: 2.013240
compute: 0.018196