inputs: 10000
queries: 100
setup: 0.353888
preproc: 0.002852
compute: 0.755885