inputs: 5000
queries: 50
setup: 0.408424
preproc: 1.010643
compute: 0.013632