inputs: 5000
queries: 50
setup: 0.060342
preproc: 0.008241
compute: 0.003731