inputs: 10000
queries: 1000
setup: 0.386140
preproc: 2.777130
compute: 0.500456