inputs: 5000
queries: 50
setup: 0.027246
preproc: 0.008038
compute: 0.003561