inputs: 5000
queries: 50
setup: 0.355726
preproc: 0.394545
compute: 0.124875