inputs: 1000
queries: 10
setup: 0.355970
preproc: 0.383919
compute: 0.374909