inputs: 1000
queries: 10
setup: 0.370446
preproc: 0.004147
compute: 0.330988