inputs: 5000
queries: 50
setup: 0.394706
preproc: 0.450330
compute: 0.406542