inputs: 1000
queries: 10
setup: 2.114452
preproc: 1.091312
compute: 0.037181