inputs: 1000
queries: 10
setup: 11.383766
preproc: 0.314698
compute: 0.126833