inputs: 1000
queries: 10
setup: 0.346492
preproc: 0.826073
compute: 0.002958