inputs: 1000
queries: 10
setup: 0.379300
preproc: 0.314362
compute: 0.324839