inputs: 1000
queries: 10
setup: 0.363524
preproc: 1.009711
compute: 0.013076