inputs: 10000
queries: 100
setup: 0.384380
preproc: 0.003053
compute: 0.750887