inputs: 5000
queries: 50
setup: 0.398494
preproc: 0.412805
compute: 0.129284