inputs: 1000
queries: 10
setup: 0.398485
preproc: 0.383944
compute: 0.126234