inputs: 1000
queries: 10
setup: 0.393071
preproc: 0.406271
compute: 0.397105