inputs: 1000
queries: 10
setup: 0.358846
preproc: 1.855012
compute: 0.366188