inputs: 1000
queries: 10
setup: 0.402611
preproc: 0.403661
compute: 0.358706