inputs: 1000
queries: 10
setup: 0.373700
preproc: 0.373317
compute: 0.376844