inputs: 10000
queries: 1000
setup: 0.382631
preproc: 1.692753
compute: 0.169516