inputs: 1000
queries: 10
setup: 0.386860
preproc: 0.385570
compute: 0.392173