inputs: 10000
queries: 100
setup: 0.398936
preproc: 0.003320
compute: 0.786069