inputs: 10000
queries: 1000
setup: 0.394666
preproc: 0.454187
compute: 0.370257