inputs: 1000
queries: 10
setup: 0.396409
preproc: 0.347325
compute: 0.343191