inputs: 10000
queries: 100
setup: 0.367177
preproc: 0.940653
compute: 0.003432