inputs: 1000
queries: 10
setup: 0.343708
preproc: 0.002909
compute: 0.341942