inputs: 1000
queries: 10
setup: 0.386501
preproc: 0.326775
compute: 0.322816