inputs: 1000
queries: 10
setup: 0.426660
preproc: 0.388527
compute: 0.125576