inputs: 1000
queries: 10
setup: 0.381850
preproc: 0.002822
compute: 0.399103