inputs: 10000
queries: 1000
setup: 0.342985
preproc: 2.430564
compute: 0.461859