inputs: 1000
queries: 10
setup: 0.348970
preproc: 0.372882
compute: 0.379473