inputs: 10000
queries: 100
setup: 0.392946
preproc: 0.480085
compute: 0.638060