inputs: 10000
queries: 100
setup: 0.387317
preproc: 0.470400
compute: 0.631330