inputs: 10000
queries: 1000
setup: 0.356833
preproc: 0.431870
compute: 0.333868