inputs: 10000
queries: 1000
setup: 0.388038
preproc: 0.461580
compute: 2.816471