inputs: 10000
queries: 1000
setup: 0.427624
preproc: 0.003180
compute: 3.650977