inputs: 1000
queries: 10
setup: 0.338260
preproc: 0.375776
compute: 0.122288