inputs: 1000
queries: 10
setup: 12.201795
preproc: 0.003990
compute: 0.002874