inputs: 10000
queries: 1000
setup: 0.409794
preproc: 0.460444
compute: 0.372218