inputs: 5000
queries: 50
setup: 0.390568
preproc: 1.355776
compute: 0.222497