inputs: 1000
queries: 10
setup: 0.398877
preproc: 0.118922
compute: 0.358778