inputs: 1000
queries: 10
setup: 0.333253
preproc: 0.372727
compute: 0.380154