inputs: 1000
queries: 10
setup: 2.349462
preproc: 1.090230
compute: 0.035801