inputs: 10000
queries: 1000
setup: 0.389885
preproc: 0.470990
compute: 2.807990