inputs: 1000
queries: 10
setup: 0.414020
preproc: 0.422330
compute: 0.411225