inputs: 5000
queries: 50
setup: 0.340739
preproc: 1.173260
compute: 0.200752