inputs: 10000
queries: 100
setup: 0.374703
preproc: 0.447614
compute: 0.356511