inputs: 1000
queries: 10
setup: 0.435973
preproc: 1.320055
compute: 0.418852