inputs: 1000
queries: 10
setup: 0.378118
preproc: 0.310676
compute: 0.318165