inputs: 10000
queries: 1000
setup: 0.419213
preproc: 0.003122
compute: 3.663429