inputs: 1000
queries: 10
setup: 0.420070
preproc: 0.003166
compute: 0.465999