inputs: 10000
queries: 100
setup: 0.368639
preproc: 1.009772
compute: 0.012741