inputs: 1000
queries: 10
setup: 0.363105
preproc: 0.386295
compute: 0.341205