inputs: 10000
queries: 100
setup: 0.389141
preproc: 1.691520
compute: 0.152593