inputs: 10000
queries: 1000
setup: 0.395774
preproc: 0.502296
compute: 0.687631