inputs: 1000
queries: 10
setup: 0.385396
preproc: 2.147895
compute: 0.036802