inputs: 5000
queries: 50
setup: 0.059446
preproc: 0.008265
compute: 0.003781