inputs: 10000
queries: 1000
setup: 0.399056
preproc: 22.508344
compute: 0.921309