inputs: 10000
queries: 100
setup: 0.387598
preproc: 1.703014
compute: 0.151035