inputs: 10000
queries: 1000
setup: 0.398904
preproc: 2.695578
compute: 0.434274