inputs: 10000
queries: 1000
setup: 0.404225
preproc: 0.448580
compute: 0.350698