inputs: 10000
queries: 1000
setup: 0.354495
preproc: 0.492175
compute: 0.681911