inputs: 5000
queries: 50
setup: 0.401395
preproc: 0.924794
compute: 0.003585