inputs: 1000
queries: 10
setup: 0.414718
preproc: 0.405837
compute: 0.366136