inputs: 10000
queries: 1000
setup: 0.390912
preproc: 0.444072
compute: 0.353242