inputs: 1000
queries: 10
setup: 0.844170
preproc: 0.004093
compute: 0.336531