inputs: 1000
queries: 10
setup: 0.332587
preproc: 0.004030
compute: 0.323070