inputs: 10000
queries: 100
setup: 0.336199
preproc: 2.477704
compute: 0.398620