inputs: 1000
queries: 10
setup: 4.033891
preproc: 2.059282
compute: 0.013356