inputs: 10000
queries: 1000
setup: 0.413762
preproc: 2.820335
compute: 0.505803