inputs: 1000
queries: 10
setup: 0.060573
preproc: 0.003937
compute: 0.002889