inputs: 1000
queries: 10
setup: 7.425431
preproc: 0.004028
compute: 0.002860