inputs: 10000
queries: 1000
setup: 0.357814
preproc: 0.466464
compute: 2.810279