inputs: 10000
queries: 1000
setup: 0.409225
preproc: 0.969181
compute: 0.007205