inputs: 10000
queries: 100
setup: 0.379825
preproc: 22.463470
compute: 0.435321