inputs: 1000
queries: 10
setup: 0.360157
preproc: 0.398196
compute: 0.373358