inputs: 1000
queries: 10
setup: 12.085522
preproc: 0.330698
compute: 0.128772