inputs: 1000
queries: 10
setup: 0.402280
preproc: 0.338904
compute: 0.317124