inputs: 10000
queries: 1000
setup: 0.335906
preproc: 0.457033
compute: 2.556581