inputs: 1000
queries: 10
setup: 0.363717
preproc: 0.315320
compute: 0.300332