inputs: 1000
queries: 10
setup: 0.348111
preproc: 0.002501
compute: 0.390109