inputs: 1000
queries: 10
setup: 0.345901
preproc: 0.919393
compute: 0.031055