inputs: 10000
queries: 1000
setup: 0.061367
preproc: 0.013442
compute: 0.013698