inputs: 5000
queries: 50
setup: 0.409527
preproc: 2.443313
compute: 0.420322