inputs: 10000
queries: 1000
setup: 0.059391
preproc: 0.013270
compute: 0.013365