inputs: 5000
queries: 50
setup: 0.415375
preproc: 1.395064
compute: 0.230268