inputs: 1000
queries: 10
setup: 0.741110
preproc: 0.371549
compute: 0.121497