inputs: 10000
queries: 1000
setup: 0.397310
preproc: 0.471843
compute: 2.802313