inputs: 1000
queries: 10
setup: 0.027590
preproc: 0.003545
compute: 0.002567