inputs: 5000
queries: 50
setup: 0.384827
preproc: 0.441622
compute: 0.401718