inputs: 1000
queries: 10
setup: 0.392277
preproc: 0.388772
compute: 0.344693