inputs: 1000
queries: 10
setup: 0.571214
preproc: 0.374862
compute: 0.125945