inputs: 1000
queries: 10
setup: 0.352234
preproc: 2.143843
compute: 0.388644