inputs: 5000
queries: 50
setup: 0.388757
preproc: 0.003149
compute: 0.529833