inputs: 1000
queries: 10
setup: 0.385710
preproc: 2.168671
compute: 0.036687