inputs: 10000
queries: 1000
setup: 0.349658
preproc: 0.477842
compute: 0.626454