inputs: 10000
queries: 100
setup: 0.393963
preproc: 0.443579
compute: 0.130269