inputs: 1000
queries: 10
setup: 0.389420
preproc: 0.390576
compute: 0.399251