inputs: 10000
queries: 1000
setup: 0.395294
preproc: 0.525109
compute: 0.707474