inputs: 10000
queries: 100
setup: 0.399773
preproc: 0.533092
compute: 0.443213