inputs: 10000
queries: 100
setup: 0.356425
preproc: 1.550257
compute: 0.146312