inputs: 5000
queries: 50
setup: 0.390981
preproc: 0.002928
compute: 0.545340