inputs: 1000
queries: 10
setup: 0.401481
preproc: 0.887970
compute: 0.003623