inputs: 1000
queries: 10
setup: 0.389739
preproc: 0.002790
compute: 0.333239