inputs: 1000
queries: 10
setup: 0.416009
preproc: 2.202343
compute: 0.438102