inputs: 1000
queries: 10
setup: 0.352095
preproc: 0.368203
compute: 0.330994