inputs: 10000
queries: 1000
setup: 0.419641
preproc: 0.524088
compute: 2.883813