inputs: 1000
queries: 10
setup: 0.391784
preproc: 0.387008
compute: 0.347743