inputs: 1000
queries: 10
setup: 0.368928
preproc: 1.008352
compute: 0.011807