inputs: 1000
queries: 10
setup: 0.391206
preproc: 2.139791
compute: 0.385899