inputs: 10000
queries: 1000
setup: 0.352655
preproc: 0.500048
compute: 0.675102