inputs: 1000
queries: 10
setup: 0.367577
preproc: 1.009501
compute: 0.012846