inputs: 10000
queries: 1000
setup: 0.418380
preproc: 2.013377
compute: 0.018029