inputs: 10000
queries: 1000
setup: 0.386850
preproc: 1.688589
compute: 0.170853