inputs: 1000
queries: 10
setup: 0.423470
preproc: 0.003183
compute: 0.445624