inputs: 10000
queries: 100
setup: 0.345684
preproc: 0.439914
compute: 0.579106