inputs: 5000
queries: 50
setup: 0.410749
preproc: 7.347848
compute: 0.427427