inputs: 10000
queries: 1000
setup: 0.395371
preproc: 0.470760
compute: 2.931626