inputs: 1000
queries: 10
setup: 0.410623
preproc: 1.245659
compute: 0.428672