inputs: 1000
queries: 10
setup: 0.851356
preproc: 0.002896
compute: 0.348919