inputs: 10000
queries: 1000
setup: 0.395147
preproc: 0.459126
compute: 0.364419