inputs: 1000
queries: 10
setup: 2.675756
preproc: 1.099211
compute: 0.036502