inputs: 1000
queries: 10
setup: 0.351550
preproc: 2.164236
compute: 0.035758