inputs: 1000
queries: 10
setup: 0.426727
preproc: 1.243751
compute: 0.429509