inputs: 10000
queries: 100
setup: 0.401952
preproc: 0.452329
compute: 0.354421