inputs: 10000
queries: 100
setup: 0.381188
preproc: 1.669895
compute: 0.148477