inputs: 5000
queries: 50
setup: 0.439862
preproc: 0.962824
compute: 0.003734