inputs: 5000
queries: 50
setup: 0.427586
preproc: 0.962306
compute: 0.003827