inputs: 1000
queries: 10
setup: 0.334843
preproc: 1.877748
compute: 0.382834