inputs: 1000
queries: 10
setup: 0.388898
preproc: 1.060188
compute: 0.036105