inputs: 1000
queries: 10
setup: 0.351129
preproc: 0.378141
compute: 0.387500