inputs: 1000
queries: 10
setup: 0.397718
preproc: 0.868999
compute: 0.003592