inputs: 1000
queries: 10
setup: 0.361704
preproc: 0.369410
compute: 0.330177