inputs: 1000
queries: 10
setup: 0.412269
preproc: 2.112481
compute: 0.411379