inputs: 10000
queries: 1000
setup: 0.060816
preproc: 0.013824
compute: 0.013818