inputs: 10000
queries: 100
setup: 0.407478
preproc: 0.962948
compute: 0.003715