inputs: 1000
queries: 10
setup: 5.100949
preproc: 2.217870
compute: 0.393909