inputs: 1000
queries: 10
setup: 12.961478
preproc: 0.318698
compute: 0.124997