inputs: 1000
queries: 10
setup: 11.170447
preproc: 0.003829
compute: 0.002743