inputs: 5000
queries: 50
setup: 0.396841
preproc: 0.411702
compute: 0.351954