inputs: 1000
queries: 10
setup: 0.406227
preproc: 2.128275
compute: 0.405234