inputs: 5000
queries: 50
setup: 0.381100
preproc: 7.885207
compute: 0.398111