inputs: 1000
queries: 10
setup: 0.385059
preproc: 1.196814
compute: 0.378517