inputs: 1000
queries: 10
setup: 0.395262
preproc: 0.327799
compute: 0.341808