inputs: 5000
queries: 50
setup: 0.388349
preproc: 0.442034
compute: 0.397086