inputs: 5000
queries: 50
setup: 0.406709
preproc: 0.003069
compute: 0.551938