inputs: 1000
queries: 10
setup: 0.413833
preproc: 2.262620
compute: 0.416241