inputs: 10000
queries: 1000
setup: 0.398327
preproc: 0.487840
compute: 2.792788