inputs: 10000
queries: 100
setup: 0.405900
preproc: 0.501619
compute: 0.658611