inputs: 1000
queries: 10
setup: 13.523856
preproc: 0.004073
compute: 0.002871