inputs: 5000
queries: 50
setup: 0.354644
preproc: 0.395517
compute: 0.339699