inputs: 1000
queries: 10
setup: 0.400445
preproc: 0.333115
compute: 0.362675