inputs: 5000
queries: 50
setup: 0.397738
preproc: 2.451527
compute: 0.225040