inputs: 10000
queries: 100
setup: 0.391760
preproc: 0.474417
compute: 0.626717