inputs: 10000
queries: 1000
setup: 0.350682
preproc: 26.059957
compute: 0.840620