inputs: 10000
queries: 100
setup: 0.430955
preproc: 0.481586
compute: 0.139797