inputs: 1000
queries: 10
setup: 0.417100
preproc: 0.003161
compute: 0.368694