inputs: 1000
queries: 10
setup: 0.337231
preproc: 0.943516
compute: 0.032821