inputs: 1000
queries: 10
setup: 0.361860
preproc: 0.002546
compute: 0.382644