inputs: 10000
queries: 1000
setup: 0.355575
preproc: 0.433989
compute: 0.129591