inputs: 1000
queries: 10
setup: 0.392240
preproc: 0.382401
compute: 0.351001