inputs: 10000
queries: 1000
setup: 0.061997
preproc: 0.013396
compute: 0.013725