inputs: 1000
queries: 10
setup: 0.412916
preproc: 1.010755
compute: 0.013720