inputs: 10000
queries: 1000
setup: 0.370085
preproc: 0.889760
compute: 0.007159