inputs: 1000
queries: 10
setup: 0.393941
preproc: 0.380991
compute: 0.347873