inputs: 1000
queries: 10
setup: 0.413871
preproc: 0.914536
compute: 0.003848