inputs: 1000
queries: 10
setup: 0.398631
preproc: 2.238657
compute: 0.428107