inputs: 10000
queries: 100
setup: 0.425958
preproc: 0.507282
compute: 0.144175