inputs: 10000
queries: 100
setup: 0.421493
preproc: 1.808430
compute: 0.159814