inputs: 10000
queries: 1000
setup: 0.363534
preproc: 0.939903
compute: 0.006989