inputs: 10000
queries: 1000
setup: 0.418402
preproc: 0.499757
compute: 2.883770