inputs: 1000
queries: 10
setup: 0.391540
preproc: 0.004775
compute: 0.353297