inputs: 5000
queries: 50
setup: 0.408919
preproc: 0.435754
compute: 0.360539