inputs: 1000
queries: 10
setup: 0.405472
preproc: 0.356253
compute: 0.337877