inputs: 1000
queries: 10
setup: 3.744001
preproc: 2.068534
compute: 0.012728