inputs: 5000
queries: 50
setup: 0.416672
preproc: 0.441065
compute: 0.371208