inputs: 1000
queries: 10
setup: 0.386823
preproc: 0.397587
compute: 0.348007