inputs: 1000
queries: 10
setup: 0.398208
preproc: 1.010297
compute: 0.013463