inputs: 1000
queries: 10
setup: 1.917844
preproc: 0.982473
compute: 0.032676