inputs: 10000
queries: 100
setup: 0.335385
preproc: 0.491697
compute: 0.406226