inputs: 5000
queries: 50
setup: 0.419855
preproc: 1.011031
compute: 0.013824