inputs: 1000
queries: 10
setup: 3.819098
preproc: 2.057478
compute: 0.012946