inputs: 1000
queries: 10
setup: 0.405428
preproc: 0.369019
compute: 0.340952