inputs: 1000
queries: 10
setup: 0.394876
preproc: 0.390528
compute: 0.338551