inputs: 10000
queries: 100
setup: 0.408738
preproc: 0.484458
compute: 0.652200