inputs: 1000
queries: 10
setup: 0.407013
preproc: 1.010577
compute: 0.013345