inputs: 1000
queries: 10
setup: 0.346085
preproc: 0.930747
compute: 0.032104