inputs: 1000
queries: 10
setup: 0.428349
preproc: 0.935876
compute: 0.003798