inputs: 1000
queries: 10
setup: 0.347816
preproc: 1.836668
compute: 0.364885