inputs: 1000
queries: 10
setup: 12.295355
preproc: 0.342035
compute: 0.132589