inputs: 1000
queries: 10
setup: 0.061187
preproc: 0.003990
compute: 0.002937