inputs: 1000
queries: 10
setup: 4.357711
preproc: 1.858611
compute: 0.380527