inputs: 1000
queries: 10
setup: 0.417767
preproc: 0.003244
compute: 0.447996