inputs: 1000
queries: 10
setup: 0.389762
preproc: 2.122459
compute: 0.395024