inputs: 10000
queries: 1000
setup: 0.406430
preproc: 2.819336
compute: 0.514415