inputs: 1000
queries: 10
setup: 0.385621
preproc: 0.382032
compute: 0.391265