inputs: 1000
queries: 10
setup: 2.373879
preproc: 1.061647
compute: 0.036453