inputs: 1000
queries: 10
setup: 0.399221
preproc: 0.393464
compute: 0.128995