inputs: 5000
queries: 50
setup: 0.413780
preproc: 1.010623
compute: 0.013614