inputs: 1000
queries: 10
setup: 0.350811
preproc: 1.121319
compute: 0.375527