inputs: 10000
queries: 1000
setup: 0.407361
preproc: 0.003111
compute: 3.592260