inputs: 1000
queries: 10
setup: 0.398580
preproc: 0.873618
compute: 0.003628