inputs: 1000
queries: 10
setup: 0.414847
preproc: 2.215480
compute: 0.037785