inputs: 1000
queries: 10
setup: 0.348466
preproc: 1.050254
compute: 0.034973