inputs: 5000
queries: 50
setup: 0.027606
preproc: 0.008281
compute: 0.003667