inputs: 1000
queries: 10
setup: 0.381031
preproc: 2.151230
compute: 0.037077