inputs: 1000
queries: 10
setup: 13.738451
preproc: 0.003960
compute: 0.002877