inputs: 1000
queries: 10
setup: 0.333877
preproc: 0.002687
compute: 0.328507