inputs: 1000
queries: 10
setup: 6.971483
preproc: 0.003742
compute: 0.002363