inputs: 10000
queries: 1000
setup: 0.384038
preproc: 0.975225
compute: 0.009661