inputs: 5000
queries: 50
setup: 0.386448
preproc: 2.394305
compute: 0.403007