inputs: 1000
queries: 10
setup: 0.355950
preproc: 0.798157
compute: 0.003260