inputs: 1000
queries: 10
setup: 0.407944
preproc: 0.421581
compute: 0.414772