inputs: 10000
queries: 1000
setup: 0.414477
preproc: 0.983695
compute: 0.007353