inputs: 1000
queries: 10
setup: 0.417935
preproc: 2.251269
compute: 0.039166