inputs: 5000
queries: 50
setup: 0.061590
preproc: 0.008259
compute: 0.003809