inputs: 10000
queries: 100
setup: 0.347100
preproc: 26.296183
compute: 0.423441