inputs: 1000
queries: 10
setup: 0.060266
preproc: 0.003890
compute: 0.002723