inputs: 1000
queries: 10
setup: 0.412515
preproc: 2.202464
compute: 0.037870