inputs: 5000
queries: 50
setup: 0.335215
preproc: 1.195895
compute: 0.202583