inputs: 1000
queries: 10
setup: 2.099933
preproc: 1.059190
compute: 0.037186