inputs: 1000
queries: 10
setup: 0.414439
preproc: 0.407385
compute: 0.357604