inputs: 1000
queries: 10
setup: 0.051456
preproc: 0.003927
compute: 0.002300