inputs: 10000
queries: 100
setup: 0.447186
preproc: 2.013868
compute: 0.015109