inputs: 1000
queries: 10
setup: 0.407070
preproc: 1.245645
compute: 0.416174