inputs: 1000
queries: 10
setup: 0.398816
preproc: 2.160705
compute: 0.036899