inputs: 5000
queries: 50
setup: 0.385887
preproc: 0.436363
compute: 0.493671