inputs: 1000
queries: 10
setup: 0.400725
preproc: 0.882885
compute: 0.003880