inputs: 10000
queries: 100
setup: 0.351186
preproc: 0.415820
compute: 0.324644