inputs: 10000
queries: 100
setup: 0.424413
preproc: 0.976976
compute: 0.004188