inputs: 1000
queries: 10
setup: 7.285301
preproc: 0.004143
compute: 0.002886