inputs: 1000
queries: 10
setup: 9.291427
preproc: 0.004053
compute: 0.002834