inputs: 1000
queries: 10
setup: 4.054856
preproc: 2.049389
compute: 0.012540