inputs: 10000
queries: 100
setup: 0.381526
preproc: 2.701471
compute: 0.404886