inputs: 1000
queries: 10
setup: 0.397961
preproc: 2.154128
compute: 0.037439