inputs: 10000
queries: 1000
setup: 0.352502
preproc: 0.456544
compute: 2.786079