inputs: 1000
queries: 10
setup: 0.824259
preproc: 0.002658
compute: 0.333832