inputs: 5000
queries: 50
setup: 0.411687
preproc: 2.409703
compute: 0.438254