inputs: 1000
queries: 10
setup: 0.384275
preproc: 1.159605
compute: 0.380924