inputs: 10000
queries: 1000
setup: 0.399516
preproc: 2.741744
compute: 0.507318