inputs: 1000
queries: 10
setup: 3.412064
preproc: 2.115639
compute: 0.012443