inputs: 1000
queries: 10
setup: 0.346686
preproc: 0.002870
compute: 0.320281