inputs: 1000
queries: 10
setup: 0.391168
preproc: 0.002881
compute: 0.404389