inputs: 10000
queries: 100
setup: 0.063743
preproc: 0.013424
compute: 0.005651