inputs: 10000
queries: 1000
setup: 0.357663
preproc: 0.002752
compute: 3.164474