inputs: 10000
queries: 1000
setup: 0.351298
preproc: 2.746707
compute: 0.467248