inputs: 1000
queries: 10
setup: 0.352395
preproc: 1.860935
compute: 0.032492