inputs: 1000
queries: 10
setup: 0.345720
preproc: 0.301983
compute: 0.311080