inputs: 1000
queries: 10
setup: 0.423989
preproc: 1.138864
compute: 0.038186