inputs: 1000
queries: 10
setup: 0.355844
preproc: 0.360167
compute: 0.324386