inputs: 1000
queries: 10
setup: 0.356413
preproc: 2.159722
compute: 0.380281