inputs: 10000
queries: 1000
setup: 0.353127
preproc: 0.483976
compute: 0.624346