inputs: 10000
queries: 1000
setup: 0.403464
preproc: 1.010270
compute: 0.016767