inputs: 10000
queries: 1000
setup: 0.384601
preproc: 0.002953
compute: 3.543198