inputs: 10000
queries: 100
setup: 0.398736
preproc: 1.010330
compute: 0.013282