inputs: 1000
queries: 10
setup: 0.403884
preproc: 0.883086
compute: 0.003633