inputs: 1000
queries: 10
setup: 0.386122
preproc: 0.377765
compute: 0.125795