inputs: 1000
queries: 10
setup: 0.399554
preproc: 0.389217
compute: 0.346223