inputs: 1000
queries: 10
setup: 0.395001
preproc: 2.156086
compute: 0.421172