inputs: 1000
queries: 10
setup: 0.353035
preproc: 1.008262
compute: 0.011118