inputs: 10000
queries: 100
setup: 0.351042
preproc: 0.435391
compute: 0.607444