inputs: 1000
queries: 10
setup: 0.391870
preproc: 0.386044
compute: 0.397705