inputs: 10000
queries: 100
setup: 0.415061
preproc: 0.493108
compute: 0.662353