inputs: 1000
queries: 10
setup: 0.396512
preproc: 0.432594
compute: 0.425111