inputs: 10000
queries: 1000
setup: 0.353389
preproc: 2.686226
compute: 0.413400