inputs: 1000
queries: 10
setup: 0.413698
preproc: 2.270338
compute: 0.424671