inputs: 1000
queries: 10
setup: 0.384924
preproc: 1.073728
compute: 0.036502