inputs: 1000
queries: 10
setup: 2.589720
preproc: 1.069083
compute: 0.036187