inputs: 1000
queries: 10
setup: 3.019254
preproc: 1.118496
compute: 0.010552