inputs: 5000
queries: 50
setup: 0.421041
preproc: 2.485955
compute: 0.445308