inputs: 1000
queries: 10
setup: 0.352484
preproc: 2.146826
compute: 0.035972