inputs: 1000
queries: 10
setup: 0.428545
preproc: 2.239680
compute: 0.039184