inputs: 1000
queries: 10
setup: 0.383147
preproc: 1.185371
compute: 0.378976