inputs: 10000
queries: 100
setup: 0.407134
preproc: 22.697052
compute: 0.465455