inputs: 10000
queries: 1000
setup: 0.394121
preproc: 0.445040
compute: 0.358917