inputs: 5000
queries: 50
setup: 0.342635
preproc: 1.007668
compute: 0.011259