inputs: 10000
queries: 1000
setup: 0.349814
preproc: 0.002453
compute: 3.150527