inputs: 1000
queries: 10
setup: 0.026922
preproc: 0.003414
compute: 0.002582