inputs: 5000
queries: 50
setup: 0.395478
preproc: 1.010469
compute: 0.012911