inputs: 10000
queries: 100
setup: 0.389146
preproc: 0.438264
compute: 0.128838