inputs: 1000
queries: 10
setup: 7.041629
preproc: 0.366887
compute: 0.328405