inputs: 10000
queries: 100
setup: 0.358403
preproc: 2.838800
compute: 0.407510