inputs: 10000
queries: 100
setup: 0.424206
preproc: 0.506691
compute: 0.670364