inputs: 1000
queries: 10
setup: 0.355100
preproc: 0.374478
compute: 0.122948