inputs: 1000
queries: 10
setup: 0.392138
preproc: 0.337379
compute: 0.349155