inputs: 10000
queries: 1000
setup: 0.413163
preproc: 2.868033
compute: 0.513390