inputs: 10000
queries: 1000
setup: 0.027433
preproc: 0.012857
compute: 0.013488