inputs: 1000
queries: 10
setup: 0.391013
preproc: 0.390963
compute: 0.388322