inputs: 1000
queries: 10
setup: 0.338590
preproc: 0.003127
compute: 0.327311