inputs: 10000
queries: 1000
setup: 0.381372
preproc: 0.503911
compute: 0.679951