inputs: 10000
queries: 100
setup: 0.346381
preproc: 0.449559
compute: 0.579294