inputs: 10000
queries: 1000
setup: 0.403002
preproc: 1.010755
compute: 0.017290