inputs: 10000
queries: 100
setup: 0.399233
preproc: 0.537468
compute: 0.431746