inputs: 10000
queries: 100
setup: 0.059450
preproc: 0.013071
compute: 0.005547