inputs: 10000
queries: 100
setup: 0.362614
preproc: 1.009689
compute: 0.012616