inputs: 1000
queries: 10
setup: 0.408814
preproc: 0.345254
compute: 0.354650