inputs: 1000
queries: 10
setup: 0.403289
preproc: 0.418969
compute: 0.424165