inputs: 1000
queries: 10
setup: 2.112812
preproc: 1.070132
compute: 0.036329