inputs: 5000
queries: 50
setup: 0.384979
preproc: 0.445216
compute: 0.399750