inputs: 1000
queries: 10
setup: 3.400829
preproc: 2.060919
compute: 0.012480