inputs: 10000
queries: 1000
setup: 0.391505
preproc: 2.726964
compute: 0.491038