inputs: 5000
queries: 50
setup: 0.424937
preproc: 0.441710
compute: 0.134951