inputs: 10000
queries: 100
setup: 0.386167
preproc: 2.660456
compute: 0.393309