inputs: 10000
queries: 100
setup: 0.400837
preproc: 0.942170
compute: 0.003633