inputs: 5000
queries: 50
setup: 0.403631
preproc: 0.427815
compute: 0.345330