inputs: 10000
queries: 100
setup: 0.380600
preproc: 0.500281
compute: 0.417391