inputs: 1000
queries: 10
setup: 0.389328
preproc: 0.002783
compute: 0.407222