inputs: 10000
queries: 100
setup: 0.350226
preproc: 24.075562
compute: 0.431748