inputs: 1000
queries: 10
setup: 0.385430
preproc: 0.382023
compute: 0.335064