inputs: 1000
queries: 10
setup: 0.345325
preproc: 1.123911
compute: 0.375012