inputs: 1000
queries: 10
setup: 0.351593
preproc: 0.384210
compute: 0.376413