inputs: 5000
queries: 50
setup: 0.389837
preproc: 2.395325
compute: 0.223277