inputs: 10000
queries: 1000
setup: 0.393511
preproc: 0.476978
compute: 2.818030