inputs: 10000
queries: 100
setup: 0.393369
preproc: 0.003169
compute: 0.799524