inputs: 1000
queries: 10
setup: 0.390401
preproc: 2.127695
compute: 0.402453