inputs: 10000
queries: 1000
setup: 0.375318
preproc: 23.974037
compute: 0.895801