inputs: 1000
queries: 10
setup: 5.648272
preproc: 2.131396
compute: 0.378386