inputs: 1000
queries: 10
setup: 3.734776
preproc: 3.061589
compute: 0.012718