inputs: 5000
queries: 50
setup: 0.369317
preproc: 1.009957
compute: 0.013047