inputs: 10000
queries: 1000
setup: 0.395583
preproc: 0.002995
compute: 3.563080