inputs: 1000
queries: 10
setup: 0.406954
preproc: 2.187379
compute: 0.419880