inputs: 1000
queries: 10
setup: 0.407534
preproc: 0.406002
compute: 0.129336