inputs: 1000
queries: 10
setup: 0.397854
preproc: 1.163267
compute: 0.447610