inputs: 5000
queries: 50
setup: 0.391962
preproc: 0.428687
compute: 0.487352