inputs: 1000
queries: 10
setup: 2.184439
preproc: 1.065464
compute: 0.036237