inputs: 1000
queries: 10
setup: 0.387770
preproc: 0.002930
compute: 0.340974