inputs: 10000
queries: 1000
setup: 0.411281
preproc: 0.463828
compute: 0.139411