inputs: 5000
queries: 50
setup: 0.355453
preproc: 7.839920
compute: 0.405998