inputs: 1000
queries: 10
setup: 0.360473
preproc: 1.009761
compute: 0.012118