inputs: 1000
queries: 10
setup: 0.404658
preproc: 0.410899
compute: 0.358564