inputs: 1000
queries: 10
setup: 0.349601
preproc: 2.164486
compute: 0.037724