inputs: 1000
queries: 10
setup: 3.756447
preproc: 2.089947
compute: 0.012828