inputs: 10000
queries: 1000
setup: 0.353182
preproc: 0.416957
compute: 0.332764