inputs: 10000
queries: 100
setup: 0.418419
preproc: 2.013650
compute: 0.014465