inputs: 1000
queries: 10
setup: 2.613714
preproc: 1.059447
compute: 0.035689