inputs: 5000
queries: 50
setup: 0.390136
preproc: 0.003095
compute: 0.541383