inputs: 10000
queries: 100
setup: 0.395499
preproc: 23.447810
compute: 0.458287