inputs: 10000
queries: 1000
setup: 0.427256
preproc: 2.015179
compute: 0.017942