inputs: 10000
queries: 100
setup: 0.060637
preproc: 0.013606
compute: 0.005798