inputs: 5000
queries: 50
setup: 0.351838
preproc: 0.383200
compute: 0.122046