inputs: 1000
queries: 10
setup: 0.391298
preproc: 0.002864
compute: 0.413935