inputs: 1000
queries: 10
setup: 0.416498
preproc: 0.395025
compute: 0.397487