inputs: 1000
queries: 10
setup: 0.349535
preproc: 2.086008
compute: 0.374512