inputs: 1000
queries: 10
setup: 0.345458
preproc: 0.002528
compute: 0.375600