inputs: 5000
queries: 50
setup: 0.391306
preproc: 0.430934
compute: 0.485657