inputs: 10000
queries: 1000
setup: 0.415407
preproc: 0.967537
compute: 0.007787