inputs: 1000
queries: 10
setup: 0.360912
preproc: 0.373617
compute: 0.127080