inputs: 10000
queries: 100
setup: 0.408855
preproc: 0.554906
compute: 0.460598