inputs: 10000
queries: 1000
setup: 0.350370
preproc: 22.866129
compute: 0.882720