inputs: 1000
queries: 10
setup: 0.345668
preproc: 1.007726
compute: 0.011550