inputs: 10000
queries: 100
setup: 0.386301
preproc: 2.676903
compute: 0.400954