inputs: 1000
queries: 10
setup: 0.429215
preproc: 0.948394
compute: 0.004117