inputs: 1000
queries: 10
setup: 0.351992
preproc: 0.388767
compute: 0.399073