inputs: 10000
queries: 100
setup: 0.399390
preproc: 0.003022
compute: 0.782028