inputs: 1000
queries: 10
setup: 0.431609
preproc: 1.236841
compute: 0.436916