inputs: 5000
queries: 50
setup: 0.414668
preproc: 2.013372
compute: 0.013668