inputs: 10000
queries: 1000
setup: 0.061579
preproc: 0.013511
compute: 0.013728