inputs: 1000
queries: 10
setup: 0.397201
preproc: 0.384963
compute: 0.343144