inputs: 10000
queries: 100
setup: 0.385110
preproc: 22.798521
compute: 0.445205