inputs: 10000
queries: 100
setup: 0.402443
preproc: 0.003166
compute: 0.790717