inputs: 10000
queries: 1000
setup: 0.389181
preproc: 2.693638
compute: 0.436176