inputs: 1000
queries: 10
setup: 0.059371
preproc: 0.003680
compute: 0.002716