inputs: 10000
queries: 100
setup: 0.399282
preproc: 0.003303
compute: 0.792925