inputs: 5000
queries: 50
setup: 0.386091
preproc: 0.414925
compute: 0.484122