inputs: 1000
queries: 10
setup: 0.379321
preproc: 0.316489
compute: 0.320967