inputs: 1000
queries: 10
setup: 0.392014
preproc: 0.384144
compute: 0.399043