inputs: 10000
queries: 100
setup: 0.419565
preproc: 2.834139
compute: 0.447892