inputs: 1000
queries: 10
setup: 11.317959
preproc: 0.003954
compute: 0.002548