inputs: 10000
queries: 100
setup: 0.396275
preproc: 0.458792
compute: 0.349969