inputs: 1000
queries: 10
setup: 0.349671
preproc: 1.849436
compute: 0.032486