inputs: 10000
queries: 1000
setup: 0.409981
preproc: 0.951523
compute: 0.007527