inputs: 1000
queries: 10
setup: 0.392372
preproc: 1.144219
compute: 0.385361