inputs: 10000
queries: 1000
setup: 0.398553
preproc: 0.473006
compute: 2.879059