inputs: 10000
queries: 100
setup: 0.341962
preproc: 0.002840
compute: 0.676642