inputs: 1000
queries: 10
setup: 0.429107
preproc: 2.232012
compute: 0.433522