inputs: 10000
queries: 100
setup: 0.427386
preproc: 0.999048
compute: 0.004072