inputs: 5000
queries: 50
setup: 0.027075
preproc: 0.007583
compute: 0.003424