inputs: 1000
queries: 10
setup: 0.348459
preproc: 0.373748
compute: 0.391909