inputs: 10000
queries: 1000
setup: 0.395234
preproc: 0.484136
compute: 2.840781