inputs: 1000
queries: 10
setup: 0.408251
preproc: 2.182192
compute: 0.420975