inputs: 5000
queries: 50
setup: 0.061252
preproc: 0.008493
compute: 0.004066