inputs: 10000
queries: 1000
setup: 0.417477
preproc: 2.889520
compute: 0.538856