inputs: 1000
queries: 10
setup: 0.059488
preproc: 0.003947
compute: 0.002830