inputs: 10000
queries: 1000
setup: 0.385893
preproc: 2.725963
compute: 0.495875