inputs: 1000
queries: 10
setup: 0.346322
preproc: 1.841982
compute: 0.374304