inputs: 1000
queries: 10
setup: 0.332862
preproc: 0.385434
compute: 0.372362