inputs: 5000
queries: 50
setup: 0.437117
preproc: 2.492072
compute: 0.483696