inputs: 1000
queries: 10
setup: 0.385568
preproc: 0.321482
compute: 0.333594