inputs: 1000
queries: 10
setup: 0.386688
preproc: 0.394877
compute: 0.412286