inputs: 1000
queries: 10
setup: 0.435768
preproc: 1.104845
compute: 0.037446