inputs: 10000
queries: 1000
setup: 0.385115
preproc: 2.738176
compute: 0.481156