inputs: 1000
queries: 10
setup: 0.390029
preproc: 2.175235
compute: 0.406926