inputs: 10000
queries: 1000
setup: 0.386299
preproc: 0.505077
compute: 0.685707