inputs: 10000
queries: 100
setup: 0.356338
preproc: 0.442167
compute: 0.340279