inputs: 10000
queries: 100
setup: 0.353437
preproc: 0.428526
compute: 0.130842