inputs: 1000
queries: 10
setup: 0.367941
preproc: 0.830171
compute: 0.003217