inputs: 10000
queries: 100
setup: 0.386810
preproc: 0.003190
compute: 0.758982