inputs: 1000
queries: 10
setup: 0.354892
preproc: 0.002717
compute: 0.346221