inputs: 1000
queries: 10
setup: 0.691076
preproc: 0.383748
compute: 0.124577