inputs: 1000
queries: 10
setup: 0.414613
preproc: 0.339987
compute: 0.354648