inputs: 1000
queries: 10
setup: 0.389274
preproc: 0.384288
compute: 0.339751