inputs: 10000
queries: 1000
setup: 0.431538
preproc: 1.004874
compute: 0.008162