inputs: 5000
queries: 50
setup: 0.430345
preproc: 1.401924
compute: 0.227001