inputs: 1000
queries: 10
setup: 11.839911
preproc: 0.355090
compute: 0.135903