inputs: 10000
queries: 100
setup: 0.408724
preproc: 0.461086
compute: 0.356608