inputs: 1000
queries: 10
setup: 0.437059
preproc: 1.010710
compute: 0.014425