inputs: 1000
queries: 10
setup: 0.394604
preproc: 0.401154
compute: 0.394618