inputs: 10000
queries: 1000
setup: 0.422386
preproc: 1.729903
compute: 0.173753