inputs: 10000
queries: 100
setup: 0.439119
preproc: 0.530938
compute: 0.698477