inputs: 1000
queries: 10
setup: 0.353276
preproc: 1.847118
compute: 0.032574