inputs: 1000
queries: 10
setup: 6.253694
preproc: 0.003791
compute: 0.002731