inputs: 1000
queries: 10
setup: 0.408570
preproc: 2.176980
compute: 0.421585