inputs: 1000
queries: 10
setup: 2.870893
preproc: 1.057089
compute: 0.036334