inputs: 1000
queries: 10
setup: 13.042795
preproc: 0.003973
compute: 0.002689