inputs: 1000
queries: 10
setup: 0.319255
preproc: 0.002312
compute: 0.335658