inputs: 1000
queries: 10
setup: 0.394315
preproc: 2.155349
compute: 0.405027