inputs: 1000
queries: 10
setup: 0.353559
preproc: 0.306189
compute: 0.310986