inputs: 10000
queries: 100
setup: 0.364684
preproc: 2.671162
compute: 0.397766