inputs: 1000
queries: 10
setup: 0.403439
preproc: 0.401450
compute: 0.354947