inputs: 1000
queries: 10
setup: 0.418584
preproc: 2.182328
compute: 0.412703