inputs: 1000
queries: 10
setup: 0.379787
preproc: 1.154446
compute: 0.378433