inputs: 1000
queries: 10
setup: 0.403665
preproc: 0.316740
compute: 0.329043