inputs: 1000
queries: 10
setup: 0.397069
preproc: 2.153461
compute: 0.037321