inputs: 1000
queries: 10
setup: 0.389738
preproc: 2.161380
compute: 0.396121