inputs: 1000
queries: 10
setup: 0.380496
preproc: 0.327628
compute: 0.328519