inputs: 10000
queries: 100
setup: 0.382338
preproc: 2.758426
compute: 0.409897