inputs: 1000
queries: 10
setup: 0.350177
preproc: 0.374593
compute: 0.121812