inputs: 10000
queries: 1000
setup: 0.389475
preproc: 0.441257
compute: 0.132708