inputs: 1000
queries: 10
setup: 0.362269
preproc: 0.867596
compute: 0.003418