inputs: 5000
queries: 50
setup: 0.417412
preproc: 0.498944
compute: 0.462013