inputs: 1000
queries: 10
setup: 0.839789
preproc: 0.003650
compute: 0.333588