inputs: 1000
queries: 10
setup: 0.377515
preproc: 0.311024
compute: 0.318323