inputs: 5000
queries: 50
setup: 0.411057
preproc: 0.440964
compute: 0.135385