inputs: 10000
queries: 1000
setup: 0.027245
preproc: 0.013005
compute: 0.013345