inputs: 10000
queries: 1000
setup: 0.389507
preproc: 0.508636
compute: 0.694920