inputs: 1000
queries: 10
setup: 0.400937
preproc: 0.326926
compute: 0.317531