inputs: 1000
queries: 10
setup: 0.392367
preproc: 0.394487
compute: 0.394583