inputs: 10000
queries: 100
setup: 0.428623
preproc: 22.811122
compute: 0.494175