inputs: 5000
queries: 50
setup: 0.415335
preproc: 2.384765
compute: 0.440477