inputs: 10000
queries: 100
setup: 0.334782
preproc: 2.449654
compute: 0.400531