inputs: 10000
queries: 1000
setup: 0.386712
preproc: 2.667825
compute: 0.415433