inputs: 1000
queries: 10
setup: 0.384722
preproc: 1.077065
compute: 0.381998