inputs: 10000
queries: 1000
setup: 0.387175
preproc: 2.658308
compute: 0.413335