inputs: 10000
queries: 100
setup: 0.387843
preproc: 0.510113
compute: 0.416889