inputs: 10000
queries: 1000
setup: 0.357515
preproc: 2.448578
compute: 0.459447