inputs: 10000
queries: 100
setup: 0.366882
preproc: 0.436954
compute: 0.128611