inputs: 10000
queries: 1000
setup: 0.407110
preproc: 2.013449
compute: 0.017203