inputs: 10000
queries: 1000
setup: 0.392602
preproc: 22.732236
compute: 0.917824