inputs: 5000
queries: 50
setup: 0.380925
preproc: 0.436577
compute: 0.388662