inputs: 1000
queries: 10
setup: 11.961206
preproc: 0.323867
compute: 0.114985