inputs: 1000
queries: 10
setup: 0.352916
preproc: 2.176004
compute: 0.386309