inputs: 1000
queries: 10
setup: 0.352493
preproc: 0.383910
compute: 0.384159