inputs: 1000
queries: 10
setup: 0.383419
preproc: 0.404433
compute: 0.396620