inputs: 10000
queries: 1000
setup: 0.402076
preproc: 1.010263
compute: 0.016953