inputs: 1000
queries: 10
setup: 0.423460
preproc: 0.440137
compute: 0.409118