inputs: 10000
queries: 1000
setup: 0.381891
preproc: 0.002964
compute: 3.520556