inputs: 10000
queries: 1000
setup: 0.364580
preproc: 0.928655
compute: 0.007294