inputs: 10000
queries: 1000
setup: 0.340211
preproc: 2.398724
compute: 0.411549