inputs: 10000
queries: 1000
setup: 0.387383
preproc: 22.758163
compute: 0.915704