inputs: 10000
queries: 100
setup: 0.403605
preproc: 0.003108
compute: 0.782288