inputs: 1000
queries: 10
setup: 0.393920
preproc: 0.400512
compute: 0.406265