inputs: 10000
queries: 1000
setup: 0.350415
preproc: 0.438359
compute: 0.352439