inputs: 1000
queries: 10
setup: 2.100928
preproc: 1.059983
compute: 0.036175