inputs: 1000
queries: 10
setup: 0.343218
preproc: 0.003355
compute: 0.331879