inputs: 10000
queries: 1000
setup: 0.350262
preproc: 0.454561
compute: 2.791579