inputs: 5000
queries: 50
setup: 0.416879
preproc: 0.466709
compute: 0.530172