inputs: 1000
queries: 10
setup: 0.389441
preproc: 2.152484
compute: 0.402091