inputs: 1000
queries: 10
setup: 0.354003
preproc: 0.377403
compute: 0.389229