inputs: 10000
queries: 1000
setup: 0.419925
preproc: 2.013429
compute: 0.017581