inputs: 10000
queries: 1000
setup: 0.401973
preproc: 0.492869
compute: 2.875332