inputs: 1000
queries: 10
setup: 0.059432
preproc: 0.003771
compute: 0.002752