inputs: 10000
queries: 1000
setup: 0.362289
preproc: 0.881696
compute: 0.007576