inputs: 5000
queries: 50
setup: 0.406234
preproc: 0.433397
compute: 0.507378