inputs: 5000
queries: 50
setup: 0.405867
preproc: 0.446231
compute: 0.509206