inputs: 10000
queries: 100
setup: 0.411630
preproc: 23.312919
compute: 0.462865