inputs: 1000
queries: 10
setup: 12.769006
preproc: 0.003868
compute: 0.002852