inputs: 1000
queries: 10
setup: 0.382841
preproc: 0.323182
compute: 0.339306