inputs: 1000
queries: 10
setup: 0.625868
preproc: 0.389155
compute: 0.124469