inputs: 1000
queries: 10
setup: 0.416251
preproc: 0.915183
compute: 0.003800