inputs: 5000
queries: 50
setup: 0.351958
preproc: 2.373362
compute: 0.221423