inputs: 10000
queries: 100
setup: 0.388637
preproc: 1.694420
compute: 0.152085