inputs: 1000
queries: 10
setup: 0.394703
preproc: 0.396486
compute: 0.349605