inputs: 10000
queries: 1000
setup: 0.350003
preproc: 0.002974
compute: 3.646328