inputs: 10000
queries: 1000
setup: 0.023439
preproc: 0.014781
compute: 0.012326