inputs: 1000
queries: 10
setup: 0.390596
preproc: 0.387693
compute: 0.346682