inputs: 10000
queries: 100
setup: 0.383795
preproc: 0.461823
compute: 0.626641