inputs: 1000
queries: 10
setup: 0.352665
preproc: 2.161009
compute: 0.385947