inputs: 1000
queries: 10
setup: 0.412173
preproc: 2.213451
compute: 0.419775