inputs: 1000
queries: 10
setup: 0.411923
preproc: 0.003170
compute: 0.368520