inputs: 10000
queries: 100
setup: 0.348739
preproc: 0.481664
compute: 0.395110