inputs: 1000
queries: 10
setup: 0.365569
preproc: 0.865669
compute: 0.003426