inputs: 1000
queries: 10
setup: 0.401927
preproc: 0.355090
compute: 0.338403