inputs: 10000
queries: 100
setup: 0.051798
preproc: 0.014811
compute: 0.004655