inputs: 1000
queries: 10
setup: 0.405733
preproc: 0.908895
compute: 0.003766