inputs: 1000
queries: 10
setup: 0.349355
preproc: 2.095948
compute: 0.380862