inputs: 10000
queries: 100
setup: 0.443412
preproc: 2.806988
compute: 0.440350