inputs: 5000
queries: 50
setup: 0.400558
preproc: 0.919749
compute: 0.003668