inputs: 1000
queries: 10
setup: 0.379750
preproc: 0.389898
compute: 0.376621