inputs: 1000
queries: 10
setup: 11.486633
preproc: 0.326654
compute: 0.128037