inputs: 1000
queries: 10
setup: 0.388112
preproc: 2.080958
compute: 0.388528