inputs: 10000
queries: 1000
setup: 0.354636
preproc: 0.416798
compute: 0.125561