inputs: 1000
queries: 10
setup: 0.382492
preproc: 1.049238
compute: 0.035933