inputs: 1000
queries: 10
setup: 0.363573
preproc: 0.372406
compute: 0.124754