inputs: 10000
queries: 100
setup: 0.352122
preproc: 0.501354
compute: 0.408233