inputs: 5000
queries: 50
setup: 0.346824
preproc: 1.184478
compute: 0.200369