inputs: 1000
queries: 10
setup: 0.345278
preproc: 0.363005
compute: 0.363958