inputs: 5000
queries: 50
setup: 0.362226
preproc: 0.453487
compute: 0.398142