inputs: 1000
queries: 10
setup: 0.395205
preproc: 2.193093
compute: 0.038208