inputs: 10000
queries: 100
setup: 0.423422
preproc: 2.013665
compute: 0.014513