inputs: 1000
queries: 10
setup: 0.338487
preproc: 0.376560
compute: 0.385226