inputs: 1000
queries: 10
setup: 0.352660
preproc: 0.315809
compute: 0.317682