inputs: 10000
queries: 1000
setup: 0.388185
preproc: 1.689941
compute: 0.170156