inputs: 1000
queries: 10
setup: 0.365299
preproc: 0.858668
compute: 0.003402