inputs: 1000
queries: 10
setup: 0.390106
preproc: 0.390080
compute: 0.388444