inputs: 1000
queries: 10
setup: 11.417087
preproc: 0.306650
compute: 0.122206