inputs: 10000
queries: 100
setup: 0.385332
preproc: 22.692637
compute: 0.451640