inputs: 1000
queries: 10
setup: 7.020861
preproc: 0.376420
compute: 0.347087