inputs: 10000
queries: 1000
setup: 0.356018
preproc: 2.737010
compute: 0.485603