inputs: 1000
queries: 10
setup: 0.415127
preproc: 2.245063
compute: 0.417241