inputs: 1000
queries: 10
setup: 0.364340
preproc: 0.386187
compute: 0.345860