inputs: 1000
queries: 10
setup: 2.285556
preproc: 1.117610
compute: 0.038473