inputs: 1000
queries: 10
setup: 0.420707
preproc: 0.354056
compute: 0.352098