inputs: 10000
queries: 1000
setup: 0.399086
preproc: 2.761769
compute: 0.492467