inputs: 10000
queries: 1000
setup: 0.388906
preproc: 0.540507
compute: 0.774575