inputs: 10000
queries: 1000
setup: 0.404171
preproc: 1.723411
compute: 0.171147