inputs: 1000
queries: 10
setup: 0.388652
preproc: 2.146154
compute: 0.397140