inputs: 5000
queries: 50
setup: 0.353180
preproc: 0.002898
compute: 0.535241