inputs: 1000
queries: 10
setup: 0.415735
preproc: 1.010547
compute: 0.014435