inputs: 10000
queries: 1000
setup: 0.402154
preproc: 0.003198
compute: 3.656487