inputs: 5000
queries: 50
setup: 0.361212
preproc: 0.413166
compute: 0.130839