inputs: 10000
queries: 1000
setup: 0.399541
preproc: 0.954577
compute: 0.007052