inputs: 5000
queries: 50
setup: 0.366904
preproc: 1.009842
compute: 0.012479