inputs: 10000
queries: 100
setup: 0.065484
preproc: 0.013184
compute: 0.005406