inputs: 10000
queries: 100
setup: 0.393268
preproc: 1.010532
compute: 0.013068