inputs: 1000
queries: 10
setup: 0.387090
preproc: 1.139258
compute: 0.382085