inputs: 10000
queries: 1000
setup: 0.384809
preproc: 0.471761
compute: 2.801708