inputs: 10000
queries: 1000
setup: 0.404081
preproc: 0.003078
compute: 3.619146