inputs: 10000
queries: 100
setup: 0.425698
preproc: 0.475499
compute: 0.133340