inputs: 1000
queries: 10
setup: 0.027897
preproc: 0.003751
compute: 0.002611