inputs: 10000
queries: 100
setup: 0.387192
preproc: 2.751228
compute: 0.416253