inputs: 1000
queries: 10
setup: 0.405995
preproc: 1.101040
compute: 0.037134