inputs: 10000
queries: 100
setup: 0.394361
preproc: 23.091788
compute: 0.459439