inputs: 1000
queries: 10
setup: 0.352439
preproc: 0.368984
compute: 0.379210