inputs: 10000
queries: 100
setup: 0.368108
preproc: 2.761105
compute: 0.417006