inputs: 1000
queries: 10
setup: 0.355073
preproc: 0.379190
compute: 0.126234