inputs: 5000
queries: 50
setup: 0.427290
preproc: 0.461894
compute: 0.523031