inputs: 1000
queries: 10
setup: 0.391831
preproc: 1.199049
compute: 0.381995