inputs: 10000
queries: 100
setup: 0.064644
preproc: 0.013573
compute: 0.005596