inputs: 1000
queries: 10
setup: 0.354096
preproc: 2.109018
compute: 0.387532