inputs: 1000
queries: 10
setup: 0.384693
preproc: 0.375954
compute: 0.387075