inputs: 1000
queries: 10
setup: 0.413190
preproc: 0.426407
compute: 0.414147