inputs: 5000
queries: 50
setup: 0.352286
preproc: 0.410139
compute: 0.469607