inputs: 10000
queries: 1000
setup: 0.414978
preproc: 0.491588
compute: 2.833709