inputs: 1000
queries: 10
setup: 0.352523
preproc: 0.793411
compute: 0.002959