inputs: 10000
queries: 100
setup: 0.414121
preproc: 0.553200
compute: 0.459271