inputs: 10000
queries: 100
setup: 0.399549
preproc: 2.814498
compute: 0.432847