inputs: 1000
queries: 10
setup: 0.405194
preproc: 0.883310
compute: 0.003685