inputs: 1000
queries: 10
setup: 6.968492
preproc: 0.003885
compute: 0.002671