inputs: 1000
queries: 10
setup: 2.347893
preproc: 1.087488
compute: 0.034845