inputs: 5000
queries: 50
setup: 0.399817
preproc: 2.331447
compute: 0.392957