inputs: 1000
queries: 10
setup: 0.049993
preproc: 0.003702
compute: 0.002163