inputs: 1000
queries: 10
setup: 0.373144
preproc: 0.889928
compute: 0.003533