inputs: 10000
queries: 1000
setup: 0.374487
preproc: 0.534415
compute: 0.693288