inputs: 1000
queries: 10
setup: 4.135543
preproc: 1.111260
compute: 0.035247