inputs: 5000
queries: 50
setup: 0.385267
preproc: 0.002942
compute: 0.530643