inputs: 1000
queries: 10
setup: 0.341221
preproc: 0.003511
compute: 0.331166