inputs: 10000
queries: 1000
setup: 0.383483
preproc: 22.733803
compute: 0.923312