inputs: 1000
queries: 10
setup: 0.406568
preproc: 0.901705
compute: 0.003775