inputs: 1000
queries: 10
setup: 0.408928
preproc: 0.405362
compute: 0.416994