inputs: 10000
queries: 100
setup: 0.349967
preproc: 0.430392
compute: 0.340561