inputs: 10000
queries: 100
setup: 0.349530
preproc: 0.002871
compute: 0.741066