inputs: 10000
queries: 100
setup: 0.026944
preproc: 0.012778
compute: 0.005242