inputs: 1000
queries: 10
setup: 0.373952
preproc: 0.870650
compute: 0.003547