inputs: 10000
queries: 100
setup: 0.424238
preproc: 0.003168
compute: 0.813398