inputs: 5000
queries: 50
setup: 0.416836
preproc: 2.427009
compute: 0.428619