inputs: 10000
queries: 100
setup: 0.387391
preproc: 0.438210
compute: 0.342672