inputs: 1000
queries: 10
setup: 0.363753
preproc: 0.386713
compute: 0.125259