inputs: 10000
queries: 100
setup: 0.359043
preproc: 0.484355
compute: 0.649785