inputs: 1000
queries: 10
setup: 0.355611
preproc: 1.042665
compute: 0.036916