inputs: 1000
queries: 10
setup: 0.391980
preproc: 1.224380
compute: 0.393877