inputs: 1000
queries: 10
setup: 0.353822
preproc: 0.386246
compute: 0.377308