inputs: 5000
queries: 50
setup: 0.023376
preproc: 0.008680
compute: 0.003177