inputs: 1000
queries: 10
setup: 0.388757
preproc: 0.392489
compute: 0.389398