inputs: 10000
queries: 100
setup: 0.352812
preproc: 2.766434
compute: 0.404834