inputs: 10000
queries: 1000
setup: 0.058290
preproc: 0.013357
compute: 0.013392