inputs: 10000
queries: 1000
setup: 0.394723
preproc: 0.940427
compute: 0.007106