inputs: 1000
queries: 10
setup: 0.827544
preproc: 0.003221
compute: 0.333266