inputs: 10000
queries: 1000
setup: 0.382984
preproc: 2.710213
compute: 0.479070