inputs: 5000
queries: 50
setup: 0.403635
preproc: 1.010628
compute: 0.012987