inputs: 10000
queries: 100
setup: 0.359360
preproc: 1.008292
compute: 0.011791