inputs: 10000
queries: 1000
setup: 0.390831
preproc: 0.517790
compute: 0.671447