inputs: 1000
queries: 10
setup: 0.422314
preproc: 2.274938
compute: 0.457775