inputs: 10000
queries: 100
setup: 0.357403
preproc: 1.677344
compute: 0.150610