inputs: 5000
queries: 50
setup: 0.385600
preproc: 0.446403
compute: 0.402943