inputs: 10000
queries: 1000
setup: 0.346255
preproc: 0.002986
compute: 3.596290