inputs: 1000
queries: 10
setup: 0.375171
preproc: 0.333618
compute: 0.318623