inputs: 1000
queries: 10
setup: 0.831292
preproc: 0.003666
compute: 0.337797