inputs: 10000
queries: 100
setup: 0.385083
preproc: 22.761882
compute: 0.438728