inputs: 1000
queries: 10
setup: 0.403896
preproc: 1.120058
compute: 0.038124