inputs: 10000
queries: 100
setup: 0.416073
preproc: 0.463777
compute: 0.361505