inputs: 10000
queries: 1000
setup: 0.346980
preproc: 2.666989
compute: 0.473740