inputs: 1000
queries: 10
setup: 0.410915
preproc: 2.171885
compute: 0.421556