inputs: 10000
queries: 100
setup: 0.395346
preproc: 1.741096
compute: 0.153589