inputs: 1000
queries: 10
setup: 0.417269
preproc: 0.411289
compute: 0.137657