inputs: 1000
queries: 10
setup: 5.029623
preproc: 2.194110
compute: 0.387473