inputs: 1000
queries: 10
setup: 0.837232
preproc: 0.003767
compute: 0.344455