inputs: 1000
queries: 10
setup: 0.344187
preproc: 0.302463
compute: 0.311108