inputs: 10000
queries: 1000
setup: 0.401461
preproc: 0.527723
compute: 0.706047