inputs: 10000
queries: 100
setup: 0.387086
preproc: 1.679445
compute: 0.152065