inputs: 5000
queries: 50
setup: 0.410618
preproc: 2.416733
compute: 0.441957