inputs: 5000
queries: 50
setup: 0.409385
preproc: 0.454062
compute: 0.515560