inputs: 1000
queries: 10
setup: 0.410098
preproc: 0.349728
compute: 0.333729