inputs: 10000
queries: 1000
setup: 0.351609
preproc: 2.359935
compute: 0.382740