inputs: 10000
queries: 100
setup: 0.356548
preproc: 2.461768
compute: 0.392885