inputs: 10000
queries: 1000
setup: 0.389511
preproc: 2.715692
compute: 0.488416