inputs: 10000
queries: 100
setup: 0.400820
preproc: 0.003094
compute: 0.793121