inputs: 1000
queries: 10
setup: 0.404766
preproc: 1.094509
compute: 0.037670