inputs: 10000
queries: 100
setup: 0.384610
preproc: 0.505472
compute: 0.421617