inputs: 1000
queries: 10
setup: 0.402179
preproc: 1.010308
compute: 0.013190