inputs: 1000
queries: 10
setup: 0.026944
preproc: 0.003462
compute: 0.002603