inputs: 1000
queries: 10
setup: 0.413933
preproc: 0.404530
compute: 0.132528