inputs: 1000
queries: 10
setup: 0.356643
preproc: 0.373412
compute: 0.333918