inputs: 10000
queries: 1000
setup: 0.358873
preproc: 1.008383
compute: 0.015565