inputs: 1000
queries: 10
setup: 0.386702
preproc: 0.387271
compute: 0.373049