inputs: 5000
queries: 50
setup: 0.391051
preproc: 2.381219
compute: 0.395134