inputs: 10000
queries: 100
setup: 0.388321
preproc: 22.840797
compute: 0.448270