inputs: 10000
queries: 1000
setup: 0.400786
preproc: 0.971452
compute: 0.007992