inputs: 1000
queries: 10
setup: 7.464611
preproc: 0.378879
compute: 0.341466