inputs: 5000
queries: 50
setup: 0.059259
preproc: 0.008160
compute: 0.003778