inputs: 10000
queries: 100
setup: 0.352564
preproc: 0.414580
compute: 0.121336