inputs: 1000
queries: 10
setup: 0.433210
preproc: 0.381384
compute: 0.359591