inputs: 5000
queries: 50
setup: 0.346371
preproc: 0.856197
compute: 0.003204