inputs: 10000
queries: 100
setup: 0.386106
preproc: 0.464261
compute: 0.628421