inputs: 1000
queries: 10
setup: 0.352522
preproc: 0.374777
compute: 0.366328