inputs: 1000
queries: 10
setup: 0.387016
preproc: 2.148177
compute: 0.036415