inputs: 1000
queries: 10
setup: 0.356590
preproc: 1.847526
compute: 0.382597