inputs: 1000
queries: 10
setup: 0.389258
preproc: 0.002716
compute: 0.329381