inputs: 10000
queries: 1000
setup: 0.361978
preproc: 22.989268
compute: 0.890543