inputs: 5000
queries: 50
setup: 0.405031
preproc: 0.489892
compute: 0.425525