inputs: 1000
queries: 10
setup: 0.387547
preproc: 2.154002
compute: 0.036599