inputs: 10000
queries: 1000
setup: 0.391036
preproc: 1.724299
compute: 0.169465