inputs: 1000
queries: 10
setup: 0.842459
preproc: 0.003830
compute: 0.367267