inputs: 5000
queries: 50
setup: 0.405348
preproc: 2.408172
compute: 0.400954