inputs: 1000
queries: 10
setup: 0.400734
preproc: 0.383080
compute: 0.125024