inputs: 5000
queries: 50
setup: 0.381660
preproc: 0.922827
compute: 0.003508