inputs: 1000
queries: 10
setup: 0.344995
preproc: 0.003286
compute: 0.340110