inputs: 10000
queries: 100
setup: 0.408414
preproc: 0.477919
compute: 0.137104