inputs: 10000
queries: 100
setup: 0.409038
preproc: 0.977994
compute: 0.003649