inputs: 1000
queries: 10
setup: 0.396186
preproc: 0.883107
compute: 0.003406