inputs: 5000
queries: 50
setup: 0.386440
preproc: 0.002997
compute: 0.529370