inputs: 1000
queries: 10
setup: 0.341258
preproc: 1.786107
compute: 0.366017