inputs: 10000
queries: 1000
setup: 0.389098
preproc: 0.003020
compute: 3.581331