inputs: 1000
queries: 10
setup: 3.670862
preproc: 2.059358
compute: 0.014643