inputs: 10000
queries: 100
setup: 0.385529
preproc: 2.740220
compute: 0.412642