inputs: 1000
queries: 10
setup: 0.834220
preproc: 0.004329
compute: 0.341191