inputs: 1000
queries: 10
setup: 0.408361
preproc: 1.104802
compute: 0.036600