inputs: 1000
queries: 10
setup: 0.349811
preproc: 0.359952
compute: 0.328762