inputs: 10000
queries: 1000
setup: 0.053225
preproc: 0.014893
compute: 0.012242