inputs: 1000
queries: 10
setup: 0.395544
preproc: 0.885783
compute: 0.003666