inputs: 1000
queries: 10
setup: 0.386596
preproc: 0.377542
compute: 0.343452