inputs: 1000
queries: 10
setup: 0.407354
preproc: 0.408293
compute: 0.423905