inputs: 10000
queries: 1000
setup: 0.416737
preproc: 2.013906
compute: 0.017785