inputs: 1000
queries: 10
setup: 0.383286
preproc: 0.002760
compute: 0.398507