inputs: 10000
queries: 1000
setup: 0.386492
preproc: 0.437218
compute: 0.345488