inputs: 1000
queries: 10
setup: 0.388002
preproc: 0.321397
compute: 0.312073