inputs: 10000
queries: 1000
setup: 0.398098
preproc: 2.683376
compute: 0.440445