inputs: 10000
queries: 100
setup: 0.423814
preproc: 0.003584
compute: 0.836298