inputs: 10000
queries: 1000
setup: 0.386335
preproc: 0.508726
compute: 0.668584