inputs: 1000
queries: 10
setup: 0.389422
preproc: 2.133232
compute: 0.037090