inputs: 1000
queries: 10
setup: 0.386736
preproc: 0.328494
compute: 0.320849