inputs: 10000
queries: 100
setup: 0.369524
preproc: 1.009857
compute: 0.013687