inputs: 10000
queries: 100
setup: 0.358053
preproc: 0.003003
compute: 0.765031