inputs: 10000
queries: 100
setup: 0.349469
preproc: 0.453445
compute: 0.616934