inputs: 1000
queries: 10
setup: 0.576938
preproc: 0.376990
compute: 0.125973