inputs: 1000
queries: 10
setup: 0.418419
preproc: 0.898790
compute: 0.003824