inputs: 10000
queries: 100
setup: 0.362813
preproc: 1.732734
compute: 0.155975