inputs: 5000
queries: 50
setup: 0.362990
preproc: 0.407381
compute: 0.130334