inputs: 1000
queries: 10
setup: 0.357278
preproc: 2.194525
compute: 0.036228