inputs: 5000
queries: 50
setup: 0.418025
preproc: 1.390924
compute: 0.229668