inputs: 10000
queries: 1000
setup: 0.364470
preproc: 1.009507
compute: 0.016104