inputs: 1000
queries: 10
setup: 0.392145
preproc: 0.377897
compute: 0.339255