inputs: 1000
queries: 10
setup: 0.362280
preproc: 0.857917
compute: 0.003328