inputs: 5000
queries: 50
setup: 0.061394
preproc: 0.008527
compute: 0.004107