inputs: 1000
queries: 10
setup: 0.346663
preproc: 0.373544
compute: 0.382641