inputs: 10000
queries: 1000
setup: 0.387069
preproc: 24.442677
compute: 0.862520