inputs: 10000
queries: 1000
setup: 0.391134
preproc: 2.631989
compute: 0.429756