inputs: 1000
queries: 10
setup: 2.907698
preproc: 1.070482
compute: 0.035490