inputs: 10000
queries: 1000
setup: 0.417484
preproc: 0.478285
compute: 0.143624