inputs: 1000
queries: 10
setup: 0.384346
preproc: 0.319954
compute: 0.329290