inputs: 10000
queries: 100
setup: 0.351027
preproc: 2.755047
compute: 0.404301