inputs: 1000
queries: 10
setup: 0.403487
preproc: 0.003062
compute: 0.430643