inputs: 10000
queries: 100
setup: 0.355452
preproc: 0.435303
compute: 0.343202