inputs: 1000
queries: 10
setup: 0.350873
preproc: 0.377229
compute: 0.383522