inputs: 5000
queries: 50
setup: 0.384807
preproc: 2.351075
compute: 0.397025