inputs: 1000
queries: 10
setup: 0.383663
preproc: 0.382468
compute: 0.375873