inputs: 10000
queries: 100
setup: 0.389255
preproc: 0.437756
compute: 0.128324