inputs: 5000
queries: 50
setup: 0.429570
preproc: 2.013667
compute: 0.014114