inputs: 1000
queries: 10
setup: 0.390298
preproc: 2.114691
compute: 0.390854