inputs: 10000
queries: 1000
setup: 0.059978
preproc: 0.013301
compute: 0.013454