inputs: 5000
queries: 50
setup: 0.415215
preproc: 1.010629
compute: 0.013496