inputs: 1000
queries: 10
setup: 0.366881
preproc: 0.881032
compute: 0.003529