inputs: 5000
queries: 50
setup: 0.403762
preproc: 0.430057
compute: 0.489686