inputs: 1000
queries: 10
setup: 0.394756
preproc: 0.393469
compute: 0.396567