inputs: 10000
queries: 100
setup: 0.383380
preproc: 22.698315
compute: 0.435187