inputs: 1000
queries: 10
setup: 0.348422
preproc: 0.002581
compute: 0.398333