inputs: 1000
queries: 10
setup: 3.504323
preproc: 2.089950
compute: 0.012548