inputs: 10000
queries: 100
setup: 0.382991
preproc: 0.469710
compute: 0.628334