inputs: 1000
queries: 10
setup: 0.383527
preproc: 0.002699
compute: 0.399265