inputs: 10000
queries: 100
setup: 0.445238
preproc: 2.881049
compute: 0.449759