inputs: 5000
queries: 50
setup: 0.393010
preproc: 1.349282
compute: 0.222518