inputs: 10000
queries: 100
setup: 0.385260
preproc: 2.745753
compute: 0.412679