inputs: 10000
queries: 1000
setup: 0.351527
preproc: 0.002707
compute: 3.644105