inputs: 5000
queries: 50
setup: 0.412186
preproc: 2.369630
compute: 0.423461