inputs: 1000
queries: 10
setup: 0.349496
preproc: 0.936543
compute: 0.032469