inputs: 1000
queries: 10
setup: 0.407454
preproc: 0.884880
compute: 0.003698