inputs: 5000
queries: 50
setup: 0.390521
preproc: 0.450828
compute: 0.399369