inputs: 1000
queries: 10
setup: 0.364560
preproc: 0.389249
compute: 0.128549