inputs: 5000
queries: 50
setup: 0.383229
preproc: 2.404066
compute: 0.391559