inputs: 1000
queries: 10
setup: 0.411018
preproc: 2.247662
compute: 0.446223