inputs: 1000
queries: 10
setup: 0.396905
preproc: 2.181674
compute: 0.037661