inputs: 1000
queries: 10
setup: 0.410604
preproc: 0.409956
compute: 0.415284