inputs: 1000
queries: 10
setup: 0.380654
preproc: 1.220383
compute: 0.372974