inputs: 5000
queries: 50
setup: 0.402198
preproc: 0.003118
compute: 0.558850