inputs: 1000
queries: 10
setup: 0.415807
preproc: 0.410347
compute: 0.366751