inputs: 10000
queries: 100
setup: 0.383700
preproc: 2.723137
compute: 0.411307