inputs: 1000
queries: 10
setup: 0.394550
preproc: 1.194628
compute: 0.407874