inputs: 1000
queries: 10
setup: 0.379040
preproc: 0.314190
compute: 0.321657