inputs: 1000
queries: 10
setup: 0.350696
preproc: 1.042827
compute: 0.035388