inputs: 10000
queries: 100
setup: 0.356288
preproc: 2.715179
compute: 0.397478