inputs: 1000
queries: 10
setup: 0.352845
preproc: 0.002629
compute: 0.401941