inputs: 10000
queries: 100
setup: 0.364219
preproc: 0.918176
compute: 0.003623