inputs: 1000
queries: 10
setup: 0.397534
preproc: 0.002841
compute: 0.348428