inputs: 1000
queries: 10
setup: 0.398291
preproc: 1.010407
compute: 0.012978