inputs: 10000
queries: 1000
setup: 0.027070
preproc: 0.012802
compute: 0.013248