inputs: 1000
queries: 10
setup: 0.388833
preproc: 0.378418
compute: 0.124879