inputs: 10000
queries: 1000
setup: 0.394437
preproc: 0.486685
compute: 2.791273