inputs: 1000
queries: 10
setup: 0.671709
preproc: 0.392401
compute: 0.132218