inputs: 1000
queries: 10
setup: 0.400981
preproc: 0.386051
compute: 0.345059