inputs: 1000
queries: 10
setup: 0.398344
preproc: 0.348956
compute: 0.346498