inputs: 10000
queries: 1000
setup: 0.351585
preproc: 2.447707
compute: 0.462057