inputs: 5000
queries: 50
setup: 0.059768
preproc: 0.008425
compute: 0.003850