inputs: 1000
queries: 10
setup: 0.467721
preproc: 0.969414
compute: 0.003663