inputs: 5000
queries: 50
setup: 0.060462
preproc: 0.008362
compute: 0.003847