inputs: 1000
queries: 10
setup: 13.511085
preproc: 0.004059
compute: 0.003034