inputs: 10000
queries: 100
setup: 0.426332
preproc: 2.715868
compute: 0.465366