inputs: 1000
queries: 10
setup: 0.369689
preproc: 0.880487
compute: 0.003473