inputs: 1000
queries: 10
setup: 0.416308
preproc: 2.212554
compute: 0.038455