inputs: 1000
queries: 10
setup: 0.392273
preproc: 1.072299
compute: 0.036300