inputs: 1000
queries: 10
setup: 0.382120
preproc: 0.002779
compute: 0.399027