inputs: 10000
queries: 1000
setup: 0.346915
preproc: 0.002832
compute: 3.557504