inputs: 1000
queries: 10
setup: 0.420096
preproc: 0.418279
compute: 0.420596