inputs: 10000
queries: 100
setup: 0.061397
preproc: 0.013633
compute: 0.005837