inputs: 1000
queries: 10
setup: 0.378148
preproc: 0.317976
compute: 0.328025