inputs: 10000
queries: 100
setup: 0.397220
preproc: 0.448251
compute: 0.129648