inputs: 1000
queries: 10
setup: 0.354837
preproc: 1.306051
compute: 0.366521