inputs: 5000
queries: 50
setup: 0.397251
preproc: 2.354055
compute: 0.395892