inputs: 1000
queries: 10
setup: 0.387936
preproc: 0.388646
compute: 0.353082