inputs: 10000
queries: 100
setup: 0.387525
preproc: 2.668698
compute: 0.395533