inputs: 1000
queries: 10
setup: 0.386980
preproc: 0.327749
compute: 0.320155