inputs: 1000
queries: 10
setup: 0.360914
preproc: 2.183626
compute: 0.037385