inputs: 1000
queries: 10
setup: 0.399503
preproc: 0.881870
compute: 0.003613