inputs: 1000
queries: 10
setup: 0.356622
preproc: 0.376204
compute: 0.339803