inputs: 10000
queries: 1000
setup: 0.342391
preproc: 1.007570
compute: 0.015595