inputs: 1000
queries: 10
setup: 0.351848
preproc: 2.135744
compute: 0.388321