inputs: 5000
queries: 50
setup: 0.398608
preproc: 0.431568
compute: 0.488853