inputs: 1000
queries: 10
setup: 0.398264
preproc: 1.086732
compute: 0.037879