inputs: 1000
queries: 10
setup: 0.406656
preproc: 0.002860
compute: 0.426819