inputs: 10000
queries: 1000
setup: 0.360139
preproc: 0.457690
compute: 2.498264