inputs: 1000
queries: 10
setup: 0.381176
preproc: 0.318461
compute: 0.307097