inputs: 1000
queries: 10
setup: 0.383299
preproc: 2.164872
compute: 0.036177