inputs: 10000
queries: 1000
setup: 0.383739
preproc: 2.739370
compute: 0.495375