inputs: 5000
queries: 50
setup: 0.382040
preproc: 0.415908
compute: 0.477526