inputs: 10000
queries: 1000
setup: 0.387583
preproc: 0.440303
compute: 0.135727