inputs: 10000
queries: 1000
setup: 0.435565
preproc: 2.013266
compute: 0.019004