inputs: 1000
queries: 10
setup: 0.379488
preproc: 1.092721
compute: 0.035711