inputs: 5000
queries: 50
setup: 0.339676
preproc: 2.056528
compute: 0.197700