inputs: 1000
queries: 10
setup: 2.189847
preproc: 1.119907
compute: 0.037770