inputs: 10000
queries: 1000
setup: 0.352012
preproc: 2.668691
compute: 0.407487