inputs: 10000
queries: 100
setup: 0.434789
preproc: 0.496703
compute: 0.141829