inputs: 10000
queries: 1000
setup: 0.351392
preproc: 2.458977
compute: 0.448226