inputs: 1000
queries: 10
setup: 3.020621
preproc: 1.093822
compute: 0.036570