inputs: 1000
queries: 10
setup: 0.420110
preproc: 2.255589
compute: 0.435924