inputs: 10000
queries: 1000
setup: 0.393478
preproc: 0.447360
compute: 0.132899