inputs: 10000
queries: 1000
setup: 0.349890
preproc: 22.884783
compute: 0.892859