inputs: 1000
queries: 10
setup: 0.338554
preproc: 1.860887
compute: 0.033411