inputs: 5000
queries: 50
setup: 0.380264
preproc: 0.003077
compute: 0.529722