inputs: 1000
queries: 10
setup: 0.348781
preproc: 0.372053
compute: 0.379150