inputs: 10000
queries: 1000
setup: 0.407473
preproc: 0.968338
compute: 0.007329