inputs: 1000
queries: 10
setup: 0.398149
preproc: 0.419493
compute: 0.405575