inputs: 1000
queries: 10
setup: 0.384597
preproc: 2.096714
compute: 0.384486