inputs: 10000
queries: 100
setup: 0.398586
preproc: 0.970523
compute: 0.003929