inputs: 10000
queries: 1000
setup: 0.399879
preproc: 0.487484
compute: 2.857053