inputs: 10000
queries: 100
setup: 0.405422
preproc: 2.828891
compute: 0.430117