inputs: 1000
queries: 10
setup: 0.394850
preproc: 0.881861
compute: 0.003635