inputs: 10000
queries: 1000
setup: 0.418907
preproc: 22.950933
compute: 0.921874