inputs: 1000
queries: 10
setup: 12.032685
preproc: 0.314539
compute: 0.126064