inputs: 1000
queries: 10
setup: 0.386303
preproc: 2.154135
compute: 0.390904