inputs: 1000
queries: 10
setup: 0.350012
preproc: 1.120352
compute: 0.371437