inputs: 1000
queries: 10
setup: 0.378437
preproc: 0.322155
compute: 0.319763