inputs: 10000
queries: 1000
setup: 0.377666
preproc: 1.009586
compute: 0.016566