inputs: 10000
queries: 1000
setup: 0.386558
preproc: 1.711819
compute: 0.171051