inputs: 10000
queries: 100
setup: 0.348962
preproc: 0.002891
compute: 0.749638