inputs: 1000
queries: 10
setup: 0.344914
preproc: 1.830810
compute: 0.032503