inputs: 1000
queries: 10
setup: 0.403253
preproc: 1.279070
compute: 0.417931