inputs: 10000
queries: 100
setup: 0.386541
preproc: 0.003075
compute: 0.759009