inputs: 1000
queries: 10
setup: 0.689491
preproc: 0.373136
compute: 0.121935