inputs: 5000
queries: 50
setup: 0.392953
preproc: 0.427613
compute: 0.494611