inputs: 10000
queries: 1000
setup: 0.402928
preproc: 2.776198
compute: 0.497355