inputs: 1000
queries: 10
setup: 0.061995
preproc: 0.004555
compute: 0.003279