inputs: 1000
queries: 10
setup: 0.429142
preproc: 0.416857
compute: 0.355774