inputs: 10000
queries: 1000
setup: 0.354843
preproc: 0.435490
compute: 0.342929