inputs: 10000
queries: 1000
setup: 0.360009
preproc: 0.438516
compute: 0.134661