inputs: 10000
queries: 1000
setup: 0.386850
preproc: 0.506102
compute: 0.666444