inputs: 10000
queries: 100
setup: 0.400841
preproc: 0.956509
compute: 0.003888