inputs: 1000
queries: 10
setup: 0.357417
preproc: 1.120902
compute: 0.373904