inputs: 5000
queries: 50
setup: 0.387236
preproc: 0.421374
compute: 0.485278