inputs: 10000
queries: 100
setup: 0.360048
preproc: 2.772391
compute: 0.403010