inputs: 10000
queries: 100
setup: 0.383728
preproc: 22.384935
compute: 0.439138