inputs: 1000
queries: 10
setup: 0.404254
preproc: 1.083550
compute: 0.037158