inputs: 1000
queries: 10
setup: 2.432182
preproc: 1.076688
compute: 0.035709