inputs: 10000
queries: 100
setup: 0.396095
preproc: 1.010161
compute: 0.013314