inputs: 10000
queries: 1000
setup: 0.405061
preproc: 0.465460
compute: 0.139651