inputs: 1000
queries: 10
setup: 0.406581
preproc: 2.215650
compute: 0.413655