inputs: 1000
queries: 10
setup: 0.347834
preproc: 1.839010
compute: 0.371071