inputs: 10000
queries: 100
setup: 0.355596
preproc: 0.461442
compute: 0.619258