inputs: 10000
queries: 100
setup: 0.349017
preproc: 24.736639
compute: 0.415361