inputs: 1000
queries: 10
setup: 0.395404
preproc: 0.341543
compute: 0.343762