inputs: 10000
queries: 100
setup: 0.385930
preproc: 0.469097
compute: 0.645778