inputs: 10000
queries: 1000
setup: 0.350370
preproc: 0.487128
compute: 0.655752