inputs: 1000
queries: 10
setup: 14.483406
preproc: 0.003988
compute: 0.002758