inputs: 1000
queries: 10
setup: 0.532796
preproc: 0.003435
compute: 0.346571