inputs: 10000
queries: 100
setup: 0.383526
preproc: 0.502082
compute: 0.448086