inputs: 1000
queries: 10
setup: 3.468601
preproc: 2.046997
compute: 0.012641