inputs: 1000
queries: 10
setup: 0.401271
preproc: 2.191711
compute: 0.400282