inputs: 1000
queries: 10
setup: 0.382221
preproc: 0.328762
compute: 0.343621