inputs: 1000
queries: 10
setup: 0.344593
preproc: 0.002248
compute: 0.322250