inputs: 1000
queries: 10
setup: 0.414582
preproc: 2.225714
compute: 0.038053