inputs: 10000
queries: 1000
setup: 0.359134
preproc: 2.652475
compute: 0.416833