inputs: 1000
queries: 10
setup: 0.394325
preproc: 2.190722
compute: 0.037144