inputs: 1000
queries: 10
setup: 0.346817
preproc: 0.305659
compute: 0.287349