inputs: 1000
queries: 10
setup: 0.398945
preproc: 0.002849
compute: 0.339044