inputs: 5000
queries: 50
setup: 0.398724
preproc: 2.354589
compute: 0.400958