inputs: 1000
queries: 10
setup: 0.418811
preproc: 0.441463
compute: 0.441810