inputs: 10000
queries: 100
setup: 0.348203
preproc: 1.008377
compute: 0.011787