inputs: 1000
queries: 10
setup: 0.397468
preproc: 0.002937
compute: 0.415667