inputs: 10000
queries: 1000
setup: 0.384006
preproc: 23.625112
compute: 0.880239