inputs: 1000
queries: 10
setup: 0.391506
preproc: 2.211037
compute: 0.396286