inputs: 1000
queries: 10
setup: 0.340366
preproc: 1.825056
compute: 0.393407