inputs: 1000
queries: 10
setup: 0.374481
preproc: 0.313966
compute: 0.316479