inputs: 1000
queries: 10
setup: 0.387227
preproc: 1.223490
compute: 0.395154