inputs: 1000
queries: 10
setup: 0.423597
preproc: 1.189329
compute: 0.413156