inputs: 1000
queries: 10
setup: 0.059247
preproc: 0.003698
compute: 0.002743