inputs: 1000
queries: 10
setup: 0.333418
preproc: 0.380770
compute: 0.376830