inputs: 1000
queries: 10
setup: 0.419370
preproc: 0.913339
compute: 0.003807