inputs: 5000
queries: 50
setup: 0.428505
preproc: 2.503856
compute: 0.235708