inputs: 10000
queries: 1000
setup: 0.383723
preproc: 2.731343
compute: 0.477637