inputs: 5000
queries: 50
setup: 0.050637
preproc: 0.008950
compute: 0.003052