inputs: 10000
queries: 1000
setup: 0.384375
preproc: 2.716591
compute: 0.493659