inputs: 1000
queries: 10
setup: 12.320504
preproc: 0.315120
compute: 0.131476