inputs: 1000
queries: 10
setup: 0.414252
preproc: 0.410779
compute: 0.365367