inputs: 10000
queries: 100
setup: 0.352320
preproc: 2.683999
compute: 0.391609