inputs: 10000
queries: 100
setup: 0.414059
preproc: 0.470141
compute: 0.134505