inputs: 10000
queries: 100
setup: 0.352690
preproc: 2.719816
compute: 0.400937