inputs: 1000
queries: 10
setup: 0.351504
preproc: 0.379579
compute: 0.383751