inputs: 1000
queries: 10
setup: 0.391497
preproc: 2.197781
compute: 0.397217