inputs: 1000
queries: 10
setup: 0.415569
preproc: 1.010704
compute: 0.013907