inputs: 1000
queries: 10
setup: 11.759187
preproc: 0.003725
compute: 0.002729