inputs: 1000
queries: 10
setup: 0.365592
preproc: 1.154845
compute: 0.420852