inputs: 5000
queries: 50
setup: 0.385719
preproc: 2.340759
compute: 0.218750