inputs: 1000
queries: 10
setup: 0.352158
preproc: 1.166028
compute: 0.377463