inputs: 10000
queries: 1000
setup: 0.423103
preproc: 0.545917
compute: 2.943022