inputs: 1000
queries: 10
setup: 11.734916
preproc: 0.318446
compute: 0.126265