inputs: 1000
queries: 10
setup: 0.427857
preproc: 0.411216
compute: 0.132912