inputs: 10000
queries: 1000
setup: 0.352311
preproc: 1.533806
compute: 0.161296