inputs: 5000
queries: 50
setup: 0.407708
preproc: 1.010642
compute: 0.013657