inputs: 1000
queries: 10
setup: 0.404824
preproc: 2.212772
compute: 0.037157