inputs: 10000
queries: 1000
setup: 0.401478
preproc: 2.769211
compute: 0.434564