inputs: 1000
queries: 10
setup: 16.210825
preproc: 0.004348
compute: 0.003103