inputs: 10000
queries: 100
setup: 0.389957
preproc: 2.699142
compute: 0.414724