inputs: 5000
queries: 50
setup: 0.425085
preproc: 0.449379
compute: 0.139062