inputs: 1000
queries: 10
setup: 0.394666
preproc: 0.398140
compute: 0.420578