inputs: 1000
queries: 10
setup: 0.340985
preproc: 1.151724
compute: 0.357356