inputs: 1000
queries: 10
setup: 12.133749
preproc: 0.003993
compute: 0.002872