inputs: 10000
queries: 1000
setup: 0.401140
preproc: 1.010189
compute: 0.016849