inputs: 10000
queries: 1000
setup: 0.417471
preproc: 0.530810
compute: 0.713615