inputs: 1000
queries: 10
setup: 0.402693
preproc: 2.162195
compute: 0.036795