inputs: 10000
queries: 1000
setup: 0.357530
preproc: 2.808820
compute: 0.489436