inputs: 10000
queries: 1000
setup: 0.401815
preproc: 22.930248
compute: 0.904266