inputs: 1000
queries: 10
setup: 0.394579
preproc: 0.420844
compute: 0.410615