inputs: 1000
queries: 10
setup: 0.415480
preproc: 1.240745
compute: 0.414655