inputs: 1000
queries: 10
setup: 0.386259
preproc: 1.163380
compute: 0.383544