inputs: 10000
queries: 1000
setup: 0.431729
preproc: 0.503004
compute: 0.386870