inputs: 10000
queries: 100
setup: 0.414596
preproc: 0.984319
compute: 0.003865