inputs: 10000
queries: 100
setup: 0.391836
preproc: 0.446358
compute: 0.135141