inputs: 1000
queries: 10
setup: 0.061776
preproc: 0.004193
compute: 0.002973