inputs: 1000
queries: 10
setup: 0.390453
preproc: 0.383454
compute: 0.125497