inputs: 5000
queries: 50
setup: 0.390543
preproc: 2.357402
compute: 0.399951