inputs: 1000
queries: 10
setup: 0.372319
preproc: 2.219091
compute: 0.405624