inputs: 1000
queries: 10
setup: 0.356439
preproc: 0.361413
compute: 0.325615