inputs: 1000
queries: 10
setup: 0.382321
preproc: 2.225709
compute: 0.399194