inputs: 1000
queries: 10
setup: 0.397572
preproc: 0.338739
compute: 0.318071