inputs: 5000
queries: 50
setup: 0.418736
preproc: 0.477242
compute: 0.530751